   0.0000000e+00
   5.0000000e-10
   1.0000000e-09
   1.5000000e-09
   2.0000000e-09
   2.5000000e-09
   3.0000000e-09
   3.5000000e-09
   4.0000000e-09
   4.5000000e-09
   5.0000000e-09
   5.5000000e-09
   6.0000000e-09
   6.5000000e-09
   7.0000000e-09
   7.5000000e-09
   8.0000000e-09
   8.5000000e-09
   9.0000000e-09
   9.5000000e-09
   1.0000000e-08
   1.0500000e-08
   1.1000000e-08
   1.1500000e-08
   1.2000000e-08
   1.2500000e-08
   1.3000000e-08
   1.3500000e-08
   1.4000000e-08
   1.4500000e-08
   1.5000000e-08
   1.5500000e-08
   1.6000000e-08
   1.6500000e-08
   1.7000000e-08
   1.7500000e-08
   1.8000000e-08
   1.8500000e-08
   1.9000000e-08
   1.9500000e-08
   2.0000000e-08
   2.0500000e-08
   2.1000000e-08
   2.1500000e-08
   2.2000000e-08
   2.2500000e-08
   2.3000000e-08
   2.3500000e-08
   2.4000000e-08
   2.4500000e-08
   2.5000000e-08
   2.5500000e-08
   2.6000000e-08
   2.6500000e-08
   2.7000000e-08
   2.7500000e-08
   2.8000000e-08
   2.8500000e-08
   2.9000000e-08
   2.9500000e-08
   3.0000000e-08
   3.0500000e-08
   3.1000000e-08
   3.1500000e-08
   3.2000000e-08
   3.2500000e-08
   3.3000000e-08
   3.3500000e-08
   3.4000000e-08
   3.4500000e-08
   3.5000000e-08
   3.5500000e-08
   3.6000000e-08
   3.6500000e-08
   3.7000000e-08
   3.7500000e-08
   3.8000000e-08
   3.8500000e-08
   3.9000000e-08
   3.9500000e-08
   4.0000000e-08
   4.0500000e-08
   4.1000000e-08
   4.1500000e-08
   4.2000000e-08
   4.2500000e-08
   4.3000000e-08
   4.3500000e-08
   4.4000000e-08
   4.4500000e-08
   4.5000000e-08
   4.5500000e-08
   4.6000000e-08
   4.6500000e-08
   4.7000000e-08
   4.7500000e-08
   4.8000000e-08
   4.8500000e-08
   4.9000000e-08
   4.9500000e-08
   5.0000000e-08
