   0.0000000e+00   1.4551915e-11   9.7630629e-01
   4.0080160e-14   6.2998381e-10   9.7630629e-01
   8.0160321e-14   2.0038977e-08   9.7630629e-01
   1.2024048e-13   4.6833716e-07   9.7630629e-01
   1.6032064e-13   8.0422692e-06   9.7630626e-01
   2.0040080e-13   1.0146950e-04   9.7630611e-01
   2.4048096e-13   9.4065278e-04   9.7630464e-01
   2.8056112e-13   6.4070792e-03   9.7629385e-01
   3.2064128e-13   3.2064743e-02   9.7623465e-01
   3.6072144e-13   1.1790503e-01   9.7598554e-01
   4.0080160e-13   3.1854724e-01   9.7518439e-01
   4.4088176e-13   6.3234236e-01   9.7317991e-01
   4.8096192e-13   9.2229025e-01   9.6922326e-01
   5.2104208e-13   9.8837074e-01   9.6320564e-01
   5.6112224e-13   7.7823196e-01   9.5543175e-01
   6.0120240e-13   4.5023076e-01   9.4930669e-01
   6.4128257e-13   1.9138072e-01   9.4623825e-01
   6.8136273e-13   5.9772045e-02   9.4532192e-01
   7.2144289e-13   1.3716237e-02   9.4529953e-01
   7.6152305e-13   2.3126438e-03   9.4549006e-01
   8.0160321e-13   2.8649658e-04   9.4569670e-01
   8.4168337e-13   2.6077566e-05   9.4589056e-01
   8.8176353e-13   1.7440205e-06   9.4607467e-01
   9.2184369e-13   8.5698464e-08   9.4625207e-01
   9.6192385e-13   3.0940791e-09   9.4642811e-01
   1.0020040e-12   8.2077987e-11   9.4660291e-01
   1.0420842e-12   1.5997750e-12   9.4677648e-01
   1.0821643e-12   2.2910155e-14   9.4694882e-01
   1.1222445e-12   2.4106496e-16   9.4711993e-01
   1.1623246e-12   1.8637045e-18   9.4728983e-01
   1.2024048e-12   1.0586610e-20   9.4745932e-01
   1.2424850e-12   4.4184885e-23   9.4762899e-01
   1.2825651e-12   1.3549631e-25   9.4779881e-01
   1.3226453e-12   3.0529388e-28   9.4796875e-01
   1.3627255e-12   5.0541212e-31   9.4813883e-01
   1.4028056e-12   6.1476641e-34   9.4830902e-01
   1.4428858e-12   5.4942894e-37   9.4847932e-01
   1.4829659e-12   3.6078614e-40   9.4864973e-01
   1.5230461e-12   1.7407046e-43   9.4882024e-01
   1.5631263e-12   6.1707399e-47   9.4899084e-01
   1.6032064e-12   1.6072606e-50   9.4916152e-01
   1.6432866e-12   3.0759007e-54   9.4933228e-01
   1.6833667e-12   4.3250907e-58   9.4950287e-01
   1.7234469e-12   4.4684309e-62   9.4967276e-01
   1.7635271e-12   3.3919684e-66   9.4984198e-01
   1.8036072e-12   1.8918446e-70   9.5001055e-01
   1.8436874e-12   7.7527548e-75   9.5017846e-01
   1.8837675e-12   2.3343370e-79   9.5034571e-01
   1.9238477e-12   5.1642586e-84   9.5051230e-01
   1.9639279e-12   8.3943936e-89   9.5067824e-01
   2.0040080e-12   1.0025536e-93   9.5084352e-01
   2.0440882e-12   8.7975708e-99   9.5100814e-01
   2.0841683e-12  5.6722436e-104   9.5117210e-01
   2.1242485e-12  2.6871004e-109   9.5133541e-01
   2.1643287e-12  9.3529763e-115   9.5149806e-01
   2.2044088e-12  2.3919533e-120   9.5166005e-01
   2.2444890e-12  4.4946147e-126   9.5182139e-01
   2.2845691e-12  6.2053912e-132   9.5198208e-01
   2.3246493e-12  6.2948122e-138   9.5214211e-01
   2.3647295e-12  4.6917332e-144   9.5230188e-01
   2.4048096e-12  2.5693352e-150   9.5246288e-01
   2.4448898e-12  1.0338205e-156   9.5262332e-01
   2.4849699e-12  3.0563735e-163   9.5278320e-01
   2.5250501e-12  6.6390301e-170   9.5294251e-01
   2.5651303e-12  1.0595947e-176   9.5310125e-01
   2.6052104e-12  1.2425441e-183   9.5325942e-01
   2.6452906e-12  1.0705841e-190   9.5341702e-01
   2.6853707e-12  6.7774553e-198   9.5357405e-01
   2.7254509e-12  3.1524592e-205   9.5373051e-01
   2.7655311e-12  1.0773807e-212   9.5388640e-01
   2.8056112e-12  2.7053648e-220   9.5404171e-01
   2.8456914e-12  4.9913658e-228   9.5419645e-01
   2.8857715e-12  6.7662786e-236   9.5435061e-01
   2.9258517e-12  6.7393386e-244   9.5450420e-01
   2.9659319e-12  4.9319833e-252   9.5465721e-01
   3.0060120e-12  2.6519347e-260   9.5480964e-01
   3.0460922e-12  1.0477098e-268   9.5496149e-01
   3.0861723e-12  3.0412776e-277   9.5511276e-01
   3.1262525e-12  6.4864647e-286   9.5526346e-01
   3.1663327e-12  1.0164756e-294   9.5541357e-01
   3.2064128e-12  1.1703690e-303   9.5556309e-01
   3.2464930e-12  9.9011480e-313   9.5571204e-01
   3.2865731e-12  6.1264140e-322   9.5586040e-01
   3.3266533e-12   0.0000000e+00   9.5600814e-01
   3.3667335e-12   0.0000000e+00   9.5615442e-01
   3.4068136e-12   0.0000000e+00   9.5629979e-01
   3.4468938e-12   0.0000000e+00   9.5644424e-01
   3.4869739e-12   0.0000000e+00   9.5658779e-01
   3.5270541e-12   0.0000000e+00   9.5673044e-01
   3.5671343e-12   0.0000000e+00   9.5687219e-01
   3.6072144e-12   0.0000000e+00   9.5701304e-01
   3.6472946e-12   0.0000000e+00   9.5715300e-01
   3.6873747e-12   0.0000000e+00   9.5729207e-01
   3.7274549e-12   0.0000000e+00   9.5743025e-01
   3.7675351e-12   0.0000000e+00   9.5756755e-01
   3.8076152e-12   0.0000000e+00   9.5770398e-01
   3.8476954e-12   0.0000000e+00   9.5783952e-01
   3.8877756e-12   0.0000000e+00   9.5797420e-01
   3.9278557e-12   0.0000000e+00   9.5810801e-01
   3.9679359e-12   0.0000000e+00   9.5824095e-01
   4.0080160e-12   0.0000000e+00   9.5837303e-01
   4.0480962e-12   0.0000000e+00   9.5850425e-01
   4.0881764e-12   0.0000000e+00   9.5863461e-01
   4.1282565e-12   0.0000000e+00   9.5876413e-01
   4.1683367e-12   0.0000000e+00   9.5889279e-01
   4.2084168e-12   0.0000000e+00   9.5902061e-01
   4.2484970e-12   0.0000000e+00   9.5914759e-01
   4.2885772e-12   0.0000000e+00   9.5927373e-01
   4.3286573e-12   0.0000000e+00   9.5939998e-01
   4.3687375e-12   0.0000000e+00   9.5952519e-01
   4.4088176e-12   0.0000000e+00   9.5964926e-01
   4.4488978e-12   0.0000000e+00   9.5977219e-01
   4.4889780e-12   0.0000000e+00   9.5989401e-01
   4.5290581e-12   0.0000000e+00   9.6001470e-01
   4.5691383e-12   0.0000000e+00   9.6013428e-01
   4.6092184e-12   0.0000000e+00   9.6025277e-01
   4.6492986e-12   0.0000000e+00   9.6037015e-01
   4.6893788e-12   0.0000000e+00   9.6048645e-01
   4.7294589e-12   0.0000000e+00   9.6060167e-01
   4.7695391e-12   0.0000000e+00   9.6071582e-01
   4.8096192e-12   0.0000000e+00   9.6082891e-01
   4.8496994e-12   0.0000000e+00   9.6094093e-01
   4.8897796e-12   0.0000000e+00   9.6105191e-01
   4.9298597e-12   0.0000000e+00   9.6116184e-01
   4.9699399e-12   0.0000000e+00   9.6127074e-01
   5.0100200e-12   0.0000000e+00   9.6137861e-01
   5.0501002e-12   0.0000000e+00   9.6148545e-01
   5.0901804e-12   0.0000000e+00   9.6159129e-01
   5.1302605e-12   0.0000000e+00   9.6169611e-01
   5.1703407e-12   0.0000000e+00   9.6179994e-01
   5.2104208e-12   0.0000000e+00   9.6190278e-01
   5.2505010e-12   0.0000000e+00   9.6200463e-01
   5.2905812e-12   0.0000000e+00   9.6210550e-01
   5.3306613e-12   0.0000000e+00   9.6220540e-01
   5.3707415e-12   0.0000000e+00   9.6230434e-01
   5.4108216e-12   0.0000000e+00   9.6240232e-01
   5.4509018e-12   0.0000000e+00   9.6249936e-01
   5.4909820e-12   0.0000000e+00   9.6259545e-01
   5.5310621e-12   0.0000000e+00   9.6269060e-01
   5.5711423e-12   0.0000000e+00   9.6278483e-01
   5.6112224e-12   0.0000000e+00   9.6287813e-01
   5.6513026e-12   0.0000000e+00   9.6297052e-01
   5.6913828e-12   0.0000000e+00   9.6306200e-01
   5.7314629e-12   0.0000000e+00   9.6315259e-01
   5.7715431e-12   0.0000000e+00   9.6324227e-01
   5.8116232e-12   0.0000000e+00   9.6333107e-01
   5.8517034e-12   0.0000000e+00   9.6341898e-01
   5.8917836e-12   0.0000000e+00   9.6350598e-01
   5.9318637e-12   0.0000000e+00   9.6359207e-01
   5.9719439e-12   0.0000000e+00   9.6367728e-01
   6.0120240e-12   0.0000000e+00   9.6376161e-01
   6.0521042e-12   0.0000000e+00   9.6384506e-01
   6.0921844e-12   0.0000000e+00   9.6392764e-01
   6.1322645e-12   0.0000000e+00   9.6400936e-01
   6.1723447e-12   0.0000000e+00   9.6409023e-01
   6.2124248e-12   0.0000000e+00   9.6417024e-01
   6.2525050e-12   0.0000000e+00   9.6424942e-01
   6.2925852e-12   0.0000000e+00   9.6432776e-01
   6.3326653e-12   0.0000000e+00   9.6440527e-01
   6.3727455e-12   0.0000000e+00   9.6448196e-01
   6.4128257e-12   0.0000000e+00   9.6455784e-01
   6.4529058e-12   0.0000000e+00   9.6463290e-01
   6.4929860e-12   0.0000000e+00   9.6470710e-01
   6.5330661e-12   0.0000000e+00   9.6478051e-01
   6.5731463e-12   0.0000000e+00   9.6485314e-01
   6.6132265e-12   0.0000000e+00   9.6492502e-01
   6.6533066e-12   0.0000000e+00   9.6499613e-01
   6.6933868e-12   0.0000000e+00   9.6506650e-01
   6.7334669e-12   0.0000000e+00   9.6513611e-01
   6.7735471e-12   0.0000000e+00   9.6520499e-01
   6.8136273e-12   0.0000000e+00   9.6527313e-01
   6.8537074e-12   0.0000000e+00   9.6534055e-01
   6.8937876e-12   0.0000000e+00   9.6540724e-01
   6.9338677e-12   0.0000000e+00   9.6547322e-01
   6.9739479e-12   0.0000000e+00   9.6553848e-01
   7.0140281e-12   0.0000000e+00   9.6560304e-01
   7.0541082e-12   0.0000000e+00   9.6566691e-01
   7.0941884e-12   0.0000000e+00   9.6573123e-01
   7.1342685e-12   0.0000000e+00   9.6579760e-01
   7.1743487e-12   0.0000000e+00   9.6586425e-01
   7.2144289e-12   0.0000000e+00   9.6593116e-01
   7.2545090e-12   0.0000000e+00   9.6599832e-01
   7.2945892e-12   0.0000000e+00   9.6606573e-01
   7.3346693e-12   0.0000000e+00   9.6613337e-01
   7.3747495e-12   0.0000000e+00   9.6620123e-01
   7.4148297e-12   0.0000000e+00   9.6626931e-01
   7.4549098e-12   0.0000000e+00   9.6633760e-01
   7.4949900e-12   0.0000000e+00   9.6640573e-01
   7.5350701e-12   0.0000000e+00   9.6647330e-01
   7.5751503e-12   0.0000000e+00   9.6654030e-01
   7.6152305e-12   0.0000000e+00   9.6660675e-01
   7.6553106e-12   0.0000000e+00   9.6667264e-01
   7.6953908e-12   0.0000000e+00   9.6673798e-01
   7.7354709e-12   0.0000000e+00   9.6680277e-01
   7.7755511e-12   0.0000000e+00   9.6686702e-01
   7.8156313e-12   0.0000000e+00   9.6693072e-01
   7.8557114e-12   0.0000000e+00   9.6699407e-01
   7.8957916e-12   0.0000000e+00   9.6705701e-01
   7.9358717e-12   0.0000000e+00   9.6711933e-01
   7.9759519e-12   0.0000000e+00   9.6718105e-01
   8.0160321e-12   0.0000000e+00   9.6724218e-01
   8.0561122e-12   0.0000000e+00   9.6730271e-01
   8.0961924e-12   0.0000000e+00   9.6736265e-01
   8.1362725e-12   0.0000000e+00   9.6742200e-01
   8.1763527e-12   0.0000000e+00   9.6748078e-01
   8.2164329e-12   0.0000000e+00   9.6753897e-01
   8.2565130e-12   0.0000000e+00   9.6759660e-01
   8.2965932e-12   0.0000000e+00   9.6765365e-01
   8.3366733e-12   0.0000000e+00   9.6771014e-01
   8.3767535e-12   0.0000000e+00   9.6776607e-01
   8.4168337e-12   0.0000000e+00   9.6782144e-01
   8.4569138e-12   0.0000000e+00   9.6787627e-01
   8.4969940e-12   0.0000000e+00   9.6793054e-01
   8.5370741e-12   0.0000000e+00   9.6798427e-01
   8.5771543e-12   0.0000000e+00   9.6803746e-01
   8.6172345e-12   0.0000000e+00   9.6809012e-01
   8.6573146e-12   0.0000000e+00   9.6814225e-01
   8.6973948e-12   0.0000000e+00   9.6819384e-01
   8.7374749e-12   0.0000000e+00   9.6824492e-01
   8.7775551e-12   0.0000000e+00   9.6829548e-01
   8.8176353e-12   0.0000000e+00   9.6834552e-01
   8.8577154e-12   0.0000000e+00   9.6839505e-01
   8.8977956e-12   0.0000000e+00   9.6844407e-01
   8.9378758e-12   0.0000000e+00   9.6849259e-01
   8.9779559e-12   0.0000000e+00   9.6854062e-01
   9.0180361e-12   0.0000000e+00   9.6858814e-01
   9.0581162e-12   0.0000000e+00   9.6863518e-01
   9.0981964e-12   0.0000000e+00   9.6868173e-01
   9.1382766e-12   0.0000000e+00   9.6872780e-01
   9.1783567e-12   0.0000000e+00   9.6877339e-01
   9.2184369e-12   0.0000000e+00   9.6881851e-01
   9.2585170e-12   0.0000000e+00   9.6886315e-01
   9.2985972e-12   0.0000000e+00   9.6890733e-01
   9.3386774e-12   0.0000000e+00   9.6895104e-01
   9.3787575e-12   0.0000000e+00   9.6899429e-01
   9.4188377e-12   0.0000000e+00   9.6903709e-01
   9.4589178e-12   0.0000000e+00   9.6907944e-01
   9.4989980e-12   0.0000000e+00   9.6912134e-01
   9.5390782e-12   0.0000000e+00   9.6916285e-01
   9.5791583e-12   0.0000000e+00   9.6920421e-01
   9.6192385e-12   0.0000000e+00   9.6924502e-01
   9.6593186e-12   0.0000000e+00   9.6928531e-01
   9.6993988e-12   0.0000000e+00   9.6932507e-01
   9.7394790e-12   0.0000000e+00   9.6936431e-01
   9.7795591e-12   0.0000000e+00   9.6940303e-01
   9.8196393e-12   0.0000000e+00   9.6944125e-01
   9.8597194e-12   0.0000000e+00   9.6947896e-01
   9.8997996e-12   0.0000000e+00   9.6951618e-01
   9.9398798e-12   0.0000000e+00   9.6955290e-01
   9.9799599e-12   0.0000000e+00   9.6958913e-01
   1.0020040e-11   0.0000000e+00   9.6962489e-01
   1.0060120e-11   0.0000000e+00   9.6966016e-01
   1.0100200e-11   0.0000000e+00   9.6969496e-01
   1.0140281e-11   0.0000000e+00   9.6972930e-01
   1.0180361e-11   0.0000000e+00   9.6976318e-01
   1.0220441e-11   0.0000000e+00   9.6979660e-01
   1.0260521e-11   0.0000000e+00   9.6982957e-01
   1.0300601e-11   0.0000000e+00   9.6986209e-01
   1.0340681e-11   0.0000000e+00   9.6989417e-01
   1.0380762e-11   0.0000000e+00   9.6992582e-01
   1.0420842e-11   0.0000000e+00   9.6995703e-01
   1.0460922e-11   0.0000000e+00   9.6998782e-01
   1.0501002e-11   0.0000000e+00   9.7001819e-01
   1.0541082e-11   0.0000000e+00   9.7004814e-01
   1.0581162e-11   0.0000000e+00   9.7007769e-01
   1.0621242e-11   0.0000000e+00   9.7010682e-01
   1.0661323e-11   0.0000000e+00   9.7013556e-01
   1.0701403e-11   0.0000000e+00   9.7016390e-01
   1.0741483e-11   0.0000000e+00   9.7019184e-01
   1.0781563e-11   0.0000000e+00   9.7021940e-01
   1.0821643e-11   0.0000000e+00   9.7024658e-01
   1.0861723e-11   0.0000000e+00   9.7027338e-01
   1.0901804e-11   0.0000000e+00   9.7029981e-01
   1.0941884e-11   0.0000000e+00   9.7032587e-01
   1.0981964e-11   0.0000000e+00   9.7035157e-01
   1.1022044e-11   0.0000000e+00   9.7037690e-01
   1.1062124e-11   0.0000000e+00   9.7040189e-01
   1.1102204e-11   0.0000000e+00   9.7042652e-01
   1.1142285e-11   0.0000000e+00   9.7045081e-01
   1.1182365e-11   0.0000000e+00   9.7047475e-01
   1.1222445e-11   0.0000000e+00   9.7049836e-01
   1.1262525e-11   0.0000000e+00   9.7052172e-01
   1.1302605e-11   0.0000000e+00   9.7054471e-01
   1.1342685e-11   0.0000000e+00   9.7056732e-01
   1.1382766e-11   0.0000000e+00   9.7058954e-01
   1.1422846e-11   0.0000000e+00   9.7061139e-01
   1.1462926e-11   0.0000000e+00   9.7063286e-01
   1.1503006e-11   0.0000000e+00   9.7065396e-01
   1.1543086e-11   0.0000000e+00   9.7067470e-01
   1.1583166e-11   0.0000000e+00   9.7069509e-01
   1.1623246e-11   0.0000000e+00   9.7071512e-01
   1.1663327e-11   0.0000000e+00   9.7073481e-01
   1.1703407e-11   0.0000000e+00   9.7075415e-01
   1.1743487e-11   0.0000000e+00   9.7077316e-01
   1.1783567e-11   0.0000000e+00   9.7079183e-01
   1.1823647e-11   0.0000000e+00   9.7081018e-01
   1.1863727e-11   0.0000000e+00   9.7082820e-01
   1.1903808e-11   0.0000000e+00   9.7084591e-01
   1.1943888e-11   0.0000000e+00   9.7086330e-01
   1.1983968e-11   0.0000000e+00   9.7088039e-01
   1.2024048e-11   0.0000000e+00   9.7089717e-01
   1.2064128e-11   0.0000000e+00   9.7091365e-01
   1.2104208e-11   0.0000000e+00   9.7092984e-01
   1.2144289e-11   0.0000000e+00   9.7094574e-01
   1.2184369e-11   0.0000000e+00   9.7096135e-01
   1.2224449e-11   0.0000000e+00   9.7097668e-01
   1.2264529e-11   0.0000000e+00   9.7099173e-01
   1.2304609e-11   0.0000000e+00   9.7100651e-01
   1.2344689e-11   0.0000000e+00   9.7102102e-01
   1.2384770e-11   0.0000000e+00   9.7103527e-01
   1.2424850e-11   0.0000000e+00   9.7104926e-01
   1.2464930e-11   0.0000000e+00   9.7106297e-01
   1.2505010e-11   0.0000000e+00   9.7107642e-01
   1.2545090e-11   0.0000000e+00   9.7108960e-01
   1.2585170e-11   0.0000000e+00   9.7110252e-01
   1.2625251e-11   0.0000000e+00   9.7111519e-01
   1.2665331e-11   0.0000000e+00   9.7112761e-01
   1.2705411e-11   0.0000000e+00   9.7113978e-01
   1.2745491e-11   0.0000000e+00   9.7115171e-01
   1.2785571e-11   0.0000000e+00   9.7116340e-01
   1.2825651e-11   0.0000000e+00   9.7117485e-01
   1.2865731e-11   0.0000000e+00   9.7118607e-01
   1.2905812e-11   0.0000000e+00   9.7119706e-01
   1.2945892e-11   0.0000000e+00   9.7120782e-01
   1.2985972e-11   0.0000000e+00   9.7121837e-01
   1.3026052e-11   0.0000000e+00   9.7122869e-01
   1.3066132e-11   0.0000000e+00   9.7123880e-01
   1.3106212e-11   0.0000000e+00   9.7124870e-01
   1.3146293e-11   0.0000000e+00   9.7125839e-01
   1.3186373e-11   0.0000000e+00   9.7126787e-01
   1.3226453e-11   0.0000000e+00   9.7127715e-01
   1.3266533e-11   0.0000000e+00   9.7128624e-01
   1.3306613e-11   0.0000000e+00   9.7129512e-01
   1.3346693e-11   0.0000000e+00   9.7130381e-01
   1.3386774e-11   0.0000000e+00   9.7131231e-01
   1.3426854e-11   0.0000000e+00   9.7132063e-01
   1.3466934e-11   0.0000000e+00   9.7132875e-01
   1.3507014e-11   0.0000000e+00   9.7133670e-01
   1.3547094e-11   0.0000000e+00   9.7134447e-01
   1.3587174e-11   0.0000000e+00   9.7135206e-01
   1.3627255e-11   0.0000000e+00   9.7135948e-01
   1.3667335e-11   0.0000000e+00   9.7136665e-01
   1.3707415e-11   0.0000000e+00   9.7137368e-01
   1.3747495e-11   0.0000000e+00   9.7138056e-01
   1.3787575e-11   0.0000000e+00   9.7138729e-01
   1.3827655e-11   0.0000000e+00   9.7139388e-01
   1.3867735e-11   0.0000000e+00   9.7140033e-01
   1.3907816e-11   0.0000000e+00   9.7140664e-01
   1.3947896e-11   0.0000000e+00   9.7141282e-01
   1.3987976e-11   0.0000000e+00   9.7141885e-01
   1.4028056e-11   0.0000000e+00   9.7142476e-01
   1.4068136e-11   0.0000000e+00   9.7143053e-01
   1.4108216e-11   0.0000000e+00   9.7143617e-01
   1.4148297e-11   0.0000000e+00   9.7144168e-01
   1.4188377e-11   0.0000000e+00   9.7144707e-01
   1.4228457e-11   0.0000000e+00   9.7145233e-01
   1.4268537e-11   0.0000000e+00   9.7145746e-01
   1.4308617e-11   0.0000000e+00   9.7146248e-01
   1.4348697e-11   0.0000000e+00   9.7146737e-01
   1.4388778e-11   0.0000000e+00   9.7147214e-01
   1.4428858e-11   0.0000000e+00   9.7147680e-01
   1.4468938e-11   0.0000000e+00   9.7148133e-01
   1.4509018e-11   0.0000000e+00   9.7148576e-01
   1.4549098e-11   0.0000000e+00   9.7149006e-01
   1.4589178e-11   0.0000000e+00   9.7149426e-01
   1.4629259e-11   0.0000000e+00   9.7149834e-01
   1.4669339e-11   0.0000000e+00   9.7150232e-01
   1.4709419e-11   0.0000000e+00   9.7150618e-01
   1.4749499e-11   0.0000000e+00   9.7150994e-01
   1.4789579e-11   0.0000000e+00   9.7151359e-01
   1.4829659e-11   0.0000000e+00   9.7151714e-01
   1.4869739e-11   0.0000000e+00   9.7152055e-01
   1.4909820e-11   0.0000000e+00   9.7152390e-01
   1.4949900e-11   0.0000000e+00   9.7152717e-01
   1.4989980e-11   0.0000000e+00   9.7153036e-01
   1.5030060e-11   0.0000000e+00   9.7153349e-01
   1.5070140e-11   0.0000000e+00   9.7153654e-01
   1.5110220e-11   0.0000000e+00   9.7153953e-01
   1.5150301e-11   0.0000000e+00   9.7154244e-01
   1.5190381e-11   0.0000000e+00   9.7154528e-01
   1.5230461e-11   0.0000000e+00   9.7154806e-01
   1.5270541e-11   0.0000000e+00   9.7155077e-01
   1.5310621e-11   0.0000000e+00   9.7155340e-01
   1.5350701e-11   0.0000000e+00   9.7155598e-01
   1.5390782e-11   0.0000000e+00   9.7155848e-01
   1.5430862e-11   0.0000000e+00   9.7156092e-01
   1.5470942e-11   0.0000000e+00   9.7156330e-01
   1.5511022e-11   0.0000000e+00   9.7156561e-01
   1.5551102e-11   0.0000000e+00   9.7156785e-01
   1.5591182e-11   0.0000000e+00   9.7157003e-01
   1.5631263e-11   0.0000000e+00   9.7157215e-01
   1.5671343e-11   0.0000000e+00   9.7157420e-01
   1.5711423e-11   0.0000000e+00   9.7157619e-01
   1.5751503e-11   0.0000000e+00   9.7157810e-01
   1.5791583e-11   0.0000000e+00   9.7157998e-01
   1.5831663e-11   0.0000000e+00   9.7158181e-01
   1.5871743e-11   0.0000000e+00   9.7158361e-01
   1.5911824e-11   0.0000000e+00   9.7158536e-01
   1.5951904e-11   0.0000000e+00   9.7158708e-01
   1.5991984e-11   0.0000000e+00   9.7158875e-01
   1.6032064e-11   0.0000000e+00   9.7159039e-01
   1.6072144e-11   0.0000000e+00   9.7159199e-01
   1.6112224e-11   0.0000000e+00   9.7159355e-01
   1.6152305e-11   0.0000000e+00   9.7159507e-01
   1.6192385e-11   0.0000000e+00   9.7159655e-01
   1.6232465e-11   0.0000000e+00   9.7159799e-01
   1.6272545e-11   0.0000000e+00   9.7159940e-01
   1.6312625e-11   0.0000000e+00   9.7160077e-01
   1.6352705e-11   0.0000000e+00   9.7160210e-01
   1.6392786e-11   0.0000000e+00   9.7160340e-01
   1.6432866e-11   0.0000000e+00   9.7160466e-01
   1.6472946e-11   0.0000000e+00   9.7160588e-01
   1.6513026e-11   0.0000000e+00   9.7160706e-01
   1.6553106e-11   0.0000000e+00   9.7160821e-01
   1.6593186e-11   0.0000000e+00   9.7160931e-01
   1.6633267e-11   0.0000000e+00   9.7161038e-01
   1.6673347e-11   0.0000000e+00   9.7161143e-01
   1.6713427e-11   0.0000000e+00   9.7161246e-01
   1.6753507e-11   0.0000000e+00   9.7161346e-01
   1.6793587e-11   0.0000000e+00   9.7161445e-01
   1.6833667e-11   0.0000000e+00   9.7161541e-01
   1.6873747e-11   0.0000000e+00   9.7161635e-01
   1.6913828e-11   0.0000000e+00   9.7161727e-01
   1.6953908e-11   0.0000000e+00   9.7161818e-01
   1.6993988e-11   0.0000000e+00   9.7161905e-01
   1.7034068e-11   0.0000000e+00   9.7161991e-01
   1.7074148e-11   0.0000000e+00   9.7162075e-01
   1.7114228e-11   0.0000000e+00   9.7162157e-01
   1.7154309e-11   0.0000000e+00   9.7162237e-01
   1.7194389e-11   0.0000000e+00   9.7162314e-01
   1.7234469e-11   0.0000000e+00   9.7162390e-01
   1.7274549e-11   0.0000000e+00   9.7162463e-01
   1.7314629e-11   0.0000000e+00   9.7162535e-01
   1.7354709e-11   0.0000000e+00   9.7162604e-01
   1.7394790e-11   0.0000000e+00   9.7162672e-01
   1.7434870e-11   0.0000000e+00   9.7162737e-01
   1.7474950e-11   0.0000000e+00   9.7162800e-01
   1.7515030e-11   0.0000000e+00   9.7162861e-01
   1.7555110e-11   0.0000000e+00   9.7162922e-01
   1.7595190e-11   0.0000000e+00   9.7162981e-01
   1.7635271e-11   0.0000000e+00   9.7163039e-01
   1.7675351e-11   0.0000000e+00   9.7163095e-01
   1.7715431e-11   0.0000000e+00   9.7163151e-01
   1.7755511e-11   0.0000000e+00   9.7163206e-01
   1.7795591e-11   0.0000000e+00   9.7163259e-01
   1.7835671e-11   0.0000000e+00   9.7163312e-01
   1.7875752e-11   0.0000000e+00   9.7163363e-01
   1.7915832e-11   0.0000000e+00   9.7163413e-01
   1.7955912e-11   0.0000000e+00   9.7163462e-01
   1.7995992e-11   0.0000000e+00   9.7163510e-01
   1.8036072e-11   0.0000000e+00   9.7163557e-01
   1.8076152e-11   0.0000000e+00   9.7163603e-01
   1.8116232e-11   0.0000000e+00   9.7163648e-01
   1.8156313e-11   0.0000000e+00   9.7163691e-01
   1.8196393e-11   0.0000000e+00   9.7163734e-01
   1.8236473e-11   0.0000000e+00   9.7163776e-01
   1.8276553e-11   0.0000000e+00   9.7163816e-01
   1.8316633e-11   0.0000000e+00   9.7163855e-01
   1.8356713e-11   0.0000000e+00   9.7163893e-01
   1.8396794e-11   0.0000000e+00   9.7163930e-01
   1.8436874e-11   0.0000000e+00   9.7163966e-01
   1.8476954e-11   0.0000000e+00   9.7164002e-01
   1.8517034e-11   0.0000000e+00   9.7164038e-01
   1.8557114e-11   0.0000000e+00   9.7164072e-01
   1.8597194e-11   0.0000000e+00   9.7164107e-01
   1.8637275e-11   0.0000000e+00   9.7164141e-01
   1.8677355e-11   0.0000000e+00   9.7164174e-01
   1.8717435e-11   0.0000000e+00   9.7164207e-01
   1.8757515e-11   0.0000000e+00   9.7164239e-01
   1.8797595e-11   0.0000000e+00   9.7164271e-01
   1.8837675e-11   0.0000000e+00   9.7164302e-01
   1.8877756e-11   0.0000000e+00   9.7164333e-01
   1.8917836e-11   0.0000000e+00   9.7164363e-01
   1.8957916e-11   0.0000000e+00   9.7164393e-01
   1.8997996e-11   0.0000000e+00   9.7164422e-01
   1.9038076e-11   0.0000000e+00   9.7164451e-01
   1.9078156e-11   0.0000000e+00   9.7164479e-01
   1.9118236e-11   0.0000000e+00   9.7164507e-01
   1.9158317e-11   0.0000000e+00   9.7164534e-01
   1.9198397e-11   0.0000000e+00   9.7164561e-01
   1.9238477e-11   0.0000000e+00   9.7164587e-01
   1.9278557e-11   0.0000000e+00   9.7164612e-01
   1.9318637e-11   0.0000000e+00   9.7164638e-01
   1.9358717e-11   0.0000000e+00   9.7164662e-01
   1.9398798e-11   0.0000000e+00   9.7164686e-01
   1.9438878e-11   0.0000000e+00   9.7164710e-01
   1.9478958e-11   0.0000000e+00   9.7164733e-01
   1.9519038e-11   0.0000000e+00   9.7164756e-01
   1.9559118e-11   0.0000000e+00   9.7164778e-01
   1.9599198e-11   0.0000000e+00   9.7164800e-01
   1.9639279e-11   0.0000000e+00   9.7164821e-01
   1.9679359e-11   0.0000000e+00   9.7164842e-01
   1.9719439e-11   0.0000000e+00   9.7164863e-01
   1.9759519e-11   0.0000000e+00   9.7164884e-01
   1.9799599e-11   0.0000000e+00   9.7164904e-01
   1.9839679e-11   0.0000000e+00   9.7164924e-01
   1.9879760e-11   0.0000000e+00   9.7164944e-01
   1.9919840e-11   0.0000000e+00   9.7164964e-01
   1.9959920e-11   0.0000000e+00   9.7164983e-01
   2.0000000e-11   0.0000000e+00   9.7165003e-01
