   0.0000000e+00   1.4551915e-11   1.4962130e-02
   4.0080160e-14   6.2998381e-10   1.4962130e-02
   8.0160321e-14   2.0038977e-08   1.4962130e-02
   1.2024048e-13   4.6833716e-07   1.4962126e-02
   1.6032064e-13   8.0422692e-06   1.4962152e-02
   2.0040080e-13   1.0146950e-04   1.4962306e-02
   2.4048096e-13   9.4065278e-04   1.4963792e-02
   2.8056112e-13   6.4070792e-03   1.4974692e-02
   3.2064128e-13   3.2064743e-02   1.5034520e-02
   3.6072144e-13   1.1790503e-01   1.5286245e-02
   4.0080160e-13   3.1854724e-01   1.6095677e-02
   4.4088176e-13   6.3234236e-01   1.8120070e-02
   4.8096192e-13   9.2229025e-01   2.2112628e-02
   5.2104208e-13   9.8837074e-01   2.8176176e-02
   5.6112224e-13   7.7823196e-01   3.5993762e-02
   6.0120240e-13   4.5023076e-01   4.2140688e-02
   6.4128257e-13   1.9138072e-01   4.5215869e-02
   6.8136273e-13   5.9772045e-02   4.6133661e-02
   7.2144289e-13   1.3716237e-02   4.6156084e-02
   7.6152305e-13   2.3126438e-03   4.5965271e-02
   8.0160321e-13   2.8649658e-04   4.5758319e-02
   8.4168337e-13   2.6077566e-05   4.5564147e-02
   8.8176353e-13   1.7440205e-06   4.5379729e-02
   9.2184369e-13   8.5698464e-08   4.5202027e-02
   9.6192385e-13   3.0940791e-09   4.5025673e-02
   1.0020040e-12   8.2077987e-11   4.4850553e-02
   1.0420842e-12   1.5997750e-12   4.4676661e-02
   1.0821643e-12   2.2910155e-14   4.4503991e-02
   1.1222445e-12   2.4106496e-16   4.4332536e-02
   1.1623246e-12   1.8637045e-18   4.4162290e-02
   1.2024048e-12   1.0586610e-20   4.3992451e-02
   1.2424850e-12   4.4184885e-23   4.3822418e-02
   1.2825651e-12   1.3549631e-25   4.3652235e-02
   1.3226453e-12   3.0529388e-28   4.3481909e-02
   1.3627255e-12   5.0541212e-31   4.3311448e-02
   1.4028056e-12   6.1476641e-34   4.3140858e-02
   1.4428858e-12   5.4942894e-37   4.2970147e-02
   1.4829659e-12   3.6078614e-40   4.2799322e-02
   1.5230461e-12   1.7407046e-43   4.2628389e-02
   1.5631263e-12   6.1707399e-47   4.2457357e-02
   1.6032064e-12   1.6072606e-50   4.2286231e-02
   1.6432866e-12   3.0759007e-54   4.2115020e-02
   1.6833667e-12   4.3250907e-58   4.1943976e-02
   1.7234469e-12   4.4684309e-62   4.1773624e-02
   1.7635271e-12   3.3919684e-66   4.1603925e-02
   1.8036072e-12   1.8918446e-70   4.1434878e-02
   1.8436874e-12   7.7527548e-75   4.1266483e-02
   1.8837675e-12   2.3343370e-79   4.1098740e-02
   1.9238477e-12   5.1642586e-84   4.0931649e-02
   1.9639279e-12   8.3943936e-89   4.0765209e-02
   2.0040080e-12   1.0025536e-93   4.0599421e-02
   2.0440882e-12   8.7975708e-99   4.0434284e-02
   2.0841683e-12  5.6722436e-104   4.0269797e-02
   2.1242485e-12  2.6871004e-109   4.0105961e-02
   2.1643287e-12  9.3529763e-115   3.9942775e-02
   2.2044088e-12  2.3919533e-120   3.9780239e-02
   2.2444890e-12  4.4946147e-126   3.9618353e-02
   2.2845691e-12  6.2053912e-132   3.9457116e-02
   2.3246493e-12  6.2948122e-138   3.9296528e-02
   2.3647295e-12  4.6917332e-144   3.9136196e-02
   2.4048096e-12  2.5693352e-150   3.8974615e-02
   2.4448898e-12  1.0338205e-156   3.8813593e-02
   2.4849699e-12  3.0563735e-163   3.8653131e-02
   2.5250501e-12  6.6390301e-170   3.8493231e-02
   2.5651303e-12  1.0595947e-176   3.8333894e-02
   2.6052104e-12  1.2425441e-183   3.8175120e-02
   2.6452906e-12  1.0705841e-190   3.8016910e-02
   2.6853707e-12  6.7774553e-198   3.7859267e-02
   2.7254509e-12  3.1524592e-205   3.7702189e-02
   2.7655311e-12  1.0773807e-212   3.7545680e-02
   2.8056112e-12  2.7053648e-220   3.7389739e-02
   2.8456914e-12  4.9913658e-228   3.7234367e-02
   2.8857715e-12  6.7662786e-236   3.7079567e-02
   2.9258517e-12  6.7393386e-244   3.6925338e-02
   2.9659319e-12  4.9319833e-252   3.6771681e-02
   3.0060120e-12  2.6519347e-260   3.6618598e-02
   3.0460922e-12  1.0477098e-268   3.6466090e-02
   3.0861723e-12  3.0412776e-277   3.6314157e-02
   3.1262525e-12  6.4864647e-286   3.6162801e-02
   3.1663327e-12  1.0164756e-294   3.6012023e-02
   3.2064128e-12  1.1703690e-303   3.5861823e-02
   3.2464930e-12  9.9011480e-313   3.5712203e-02
   3.2865731e-12  6.1264140e-322   3.5563164e-02
   3.3266533e-12   0.0000000e+00   3.5414738e-02
   3.3667335e-12   0.0000000e+00   3.5267776e-02
   3.4068136e-12   0.0000000e+00   3.5121725e-02
   3.4468938e-12   0.0000000e+00   3.4976582e-02
   3.4869739e-12   0.0000000e+00   3.4832343e-02
   3.5270541e-12   0.0000000e+00   3.4689006e-02
   3.5671343e-12   0.0000000e+00   3.4546566e-02
   3.6072144e-12   0.0000000e+00   3.4405021e-02
   3.6472946e-12   0.0000000e+00   3.4264366e-02
   3.6873747e-12   0.0000000e+00   3.4124600e-02
   3.7274549e-12   0.0000000e+00   3.3985719e-02
   3.7675351e-12   0.0000000e+00   3.3847718e-02
   3.8076152e-12   0.0000000e+00   3.3710596e-02
   3.8476954e-12   0.0000000e+00   3.3574348e-02
   3.8877756e-12   0.0000000e+00   3.3438972e-02
   3.9278557e-12   0.0000000e+00   3.3304463e-02
   3.9679359e-12   0.0000000e+00   3.3170820e-02
   4.0080160e-12   0.0000000e+00   3.3038037e-02
   4.0480962e-12   0.0000000e+00   3.2906113e-02
   4.0881764e-12   0.0000000e+00   3.2775043e-02
   4.1282565e-12   0.0000000e+00   3.2644825e-02
   4.1683367e-12   0.0000000e+00   3.2515455e-02
   4.2084168e-12   0.0000000e+00   3.2386930e-02
   4.2484970e-12   0.0000000e+00   3.2259246e-02
   4.2885772e-12   0.0000000e+00   3.2132400e-02
   4.3286573e-12   0.0000000e+00   3.2005439e-02
   4.3687375e-12   0.0000000e+00   3.1879521e-02
   4.4088176e-12   0.0000000e+00   3.1754746e-02
   4.4488978e-12   0.0000000e+00   3.1631104e-02
   4.4889780e-12   0.0000000e+00   3.1508590e-02
   4.5290581e-12   0.0000000e+00   3.1387195e-02
   4.5691383e-12   0.0000000e+00   3.1266912e-02
   4.6092184e-12   0.0000000e+00   3.1147733e-02
   4.6492986e-12   0.0000000e+00   3.1029651e-02
   4.6893788e-12   0.0000000e+00   3.0912660e-02
   4.7294589e-12   0.0000000e+00   3.0796750e-02
   4.7695391e-12   0.0000000e+00   3.0681915e-02
   4.8096192e-12   0.0000000e+00   3.0568148e-02
   4.8496994e-12   0.0000000e+00   3.0455442e-02
   4.8897796e-12   0.0000000e+00   3.0343788e-02
   4.9298597e-12   0.0000000e+00   3.0233180e-02
   4.9699399e-12   0.0000000e+00   3.0123610e-02
   5.0100200e-12   0.0000000e+00   3.0015072e-02
   5.0501002e-12   0.0000000e+00   2.9907558e-02
   5.0901804e-12   0.0000000e+00   2.9801060e-02
   5.1302605e-12   0.0000000e+00   2.9695572e-02
   5.1703407e-12   0.0000000e+00   2.9591087e-02
   5.2104208e-12   0.0000000e+00   2.9487597e-02
   5.2505010e-12   0.0000000e+00   2.9385095e-02
   5.2905812e-12   0.0000000e+00   2.9283574e-02
   5.3306613e-12   0.0000000e+00   2.9183027e-02
   5.3707415e-12   0.0000000e+00   2.9083448e-02
   5.4108216e-12   0.0000000e+00   2.8984828e-02
   5.4509018e-12   0.0000000e+00   2.8887161e-02
   5.4909820e-12   0.0000000e+00   2.8790440e-02
   5.5310621e-12   0.0000000e+00   2.8694658e-02
   5.5711423e-12   0.0000000e+00   2.8599808e-02
   5.6112224e-12   0.0000000e+00   2.8505883e-02
   5.6513026e-12   0.0000000e+00   2.8412876e-02
   5.6913828e-12   0.0000000e+00   2.8320780e-02
   5.7314629e-12   0.0000000e+00   2.8229589e-02
   5.7715431e-12   0.0000000e+00   2.8139296e-02
   5.8116232e-12   0.0000000e+00   2.8049893e-02
   5.8517034e-12   0.0000000e+00   2.7961388e-02
   5.8917836e-12   0.0000000e+00   2.7873799e-02
   5.9318637e-12   0.0000000e+00   2.7787110e-02
   5.9719439e-12   0.0000000e+00   2.7701315e-02
   6.0120240e-12   0.0000000e+00   2.7616406e-02
   6.0521042e-12   0.0000000e+00   2.7532376e-02
   6.0921844e-12   0.0000000e+00   2.7449220e-02
   6.1322645e-12   0.0000000e+00   2.7366929e-02
   6.1723447e-12   0.0000000e+00   2.7285498e-02
   6.2124248e-12   0.0000000e+00   2.7204919e-02
   6.2525050e-12   0.0000000e+00   2.7125186e-02
   6.2925852e-12   0.0000000e+00   2.7046292e-02
   6.3326653e-12   0.0000000e+00   2.6968230e-02
   6.3727455e-12   0.0000000e+00   2.6890993e-02
   6.4128257e-12   0.0000000e+00   2.6814576e-02
   6.4529058e-12   0.0000000e+00   2.6738971e-02
   6.4929860e-12   0.0000000e+00   2.6664244e-02
   6.5330661e-12   0.0000000e+00   2.6590308e-02
   6.5731463e-12   0.0000000e+00   2.6517145e-02
   6.6132265e-12   0.0000000e+00   2.6444751e-02
   6.6533066e-12   0.0000000e+00   2.6373118e-02
   6.6933868e-12   0.0000000e+00   2.6302242e-02
   6.7334669e-12   0.0000000e+00   2.6232116e-02
   6.7735471e-12   0.0000000e+00   2.6162734e-02
   6.8136273e-12   0.0000000e+00   2.6094090e-02
   6.8537074e-12   0.0000000e+00   2.6026178e-02
   6.8937876e-12   0.0000000e+00   2.5958992e-02
   6.9338677e-12   0.0000000e+00   2.5892527e-02
   6.9739479e-12   0.0000000e+00   2.5826776e-02
   7.0140281e-12   0.0000000e+00   2.5761735e-02
   7.0541082e-12   0.0000000e+00   2.5697396e-02
   7.0941884e-12   0.0000000e+00   2.5632587e-02
   7.1342685e-12   0.0000000e+00   2.5565718e-02
   7.1743487e-12   0.0000000e+00   2.5498573e-02
   7.2144289e-12   0.0000000e+00   2.5431160e-02
   7.2545090e-12   0.0000000e+00   2.5363490e-02
   7.2945892e-12   0.0000000e+00   2.5295572e-02
   7.3346693e-12   0.0000000e+00   2.5227417e-02
   7.3747495e-12   0.0000000e+00   2.5159033e-02
   7.4148297e-12   0.0000000e+00   2.5090433e-02
   7.4549098e-12   0.0000000e+00   2.5021625e-02
   7.4949900e-12   0.0000000e+00   2.4952970e-02
   7.5350701e-12   0.0000000e+00   2.4884882e-02
   7.5751503e-12   0.0000000e+00   2.4817359e-02
   7.6152305e-12   0.0000000e+00   2.4750398e-02
   7.6553106e-12   0.0000000e+00   2.4683995e-02
   7.6953908e-12   0.0000000e+00   2.4618147e-02
   7.7354709e-12   0.0000000e+00   2.4552851e-02
   7.7755511e-12   0.0000000e+00   2.4488104e-02
   7.8156313e-12   0.0000000e+00   2.4423903e-02
   7.8557114e-12   0.0000000e+00   2.4360054e-02
   7.8957916e-12   0.0000000e+00   2.4296627e-02
   7.9358717e-12   0.0000000e+00   2.4233810e-02
   7.9759519e-12   0.0000000e+00   2.4171600e-02
   8.0160321e-12   0.0000000e+00   2.4109991e-02
   8.0561122e-12   0.0000000e+00   2.4048981e-02
   8.0961924e-12   0.0000000e+00   2.3988563e-02
   8.1362725e-12   0.0000000e+00   2.3928736e-02
   8.1763527e-12   0.0000000e+00   2.3869493e-02
   8.2164329e-12   0.0000000e+00   2.3810830e-02
   8.2565130e-12   0.0000000e+00   2.3752745e-02
   8.2965932e-12   0.0000000e+00   2.3695231e-02
   8.3366733e-12   0.0000000e+00   2.3638286e-02
   8.3767535e-12   0.0000000e+00   2.3581904e-02
   8.4168337e-12   0.0000000e+00   2.3526082e-02
   8.4569138e-12   0.0000000e+00   2.3470815e-02
   8.4969940e-12   0.0000000e+00   2.3416100e-02
   8.5370741e-12   0.0000000e+00   2.3361931e-02
   8.5771543e-12   0.0000000e+00   2.3308306e-02
   8.6172345e-12   0.0000000e+00   2.3255220e-02
   8.6573146e-12   0.0000000e+00   2.3202668e-02
   8.6973948e-12   0.0000000e+00   2.3150647e-02
   8.7374749e-12   0.0000000e+00   2.3099152e-02
   8.7775551e-12   0.0000000e+00   2.3048179e-02
   8.8176353e-12   0.0000000e+00   2.2997725e-02
   8.8577154e-12   0.0000000e+00   2.2947785e-02
   8.8977956e-12   0.0000000e+00   2.2898356e-02
   8.9378758e-12   0.0000000e+00   2.2849432e-02
   8.9779559e-12   0.0000000e+00   2.2801011e-02
   9.0180361e-12   0.0000000e+00   2.2753087e-02
   9.0581162e-12   0.0000000e+00   2.2705658e-02
   9.0981964e-12   0.0000000e+00   2.2658719e-02
   9.1382766e-12   0.0000000e+00   2.2612266e-02
   9.1783567e-12   0.0000000e+00   2.2566295e-02
   9.2184369e-12   0.0000000e+00   2.2520802e-02
   9.2585170e-12   0.0000000e+00   2.2475784e-02
   9.2985972e-12   0.0000000e+00   2.2431235e-02
   9.3386774e-12   0.0000000e+00   2.2387153e-02
   9.3787575e-12   0.0000000e+00   2.2343534e-02
   9.4188377e-12   0.0000000e+00   2.2300373e-02
   9.4589178e-12   0.0000000e+00   2.2257667e-02
   9.4989980e-12   0.0000000e+00   2.2215411e-02
   9.5390782e-12   0.0000000e+00   2.2173548e-02
   9.5791583e-12   0.0000000e+00   2.2131844e-02
   9.6192385e-12   0.0000000e+00   2.2090680e-02
   9.6593186e-12   0.0000000e+00   2.2050051e-02
   9.6993988e-12   0.0000000e+00   2.2009952e-02
   9.7394790e-12   0.0000000e+00   2.1970377e-02
   9.7795591e-12   0.0000000e+00   2.1931320e-02
   9.8196393e-12   0.0000000e+00   2.1892777e-02
   9.8597194e-12   0.0000000e+00   2.1854740e-02
   9.8997996e-12   0.0000000e+00   2.1817206e-02
   9.9398798e-12   0.0000000e+00   2.1780169e-02
   9.9799599e-12   0.0000000e+00   2.1743623e-02
   1.0020040e-11   0.0000000e+00   2.1707563e-02
   1.0060120e-11   0.0000000e+00   2.1671984e-02
   1.0100200e-11   0.0000000e+00   2.1636880e-02
   1.0140281e-11   0.0000000e+00   2.1602246e-02
   1.0180361e-11   0.0000000e+00   2.1568077e-02
   1.0220441e-11   0.0000000e+00   2.1534368e-02
   1.0260521e-11   0.0000000e+00   2.1501114e-02
   1.0300601e-11   0.0000000e+00   2.1468309e-02
   1.0340681e-11   0.0000000e+00   2.1435948e-02
   1.0380762e-11   0.0000000e+00   2.1404026e-02
   1.0420842e-11   0.0000000e+00   2.1372539e-02
   1.0460922e-11   0.0000000e+00   2.1341480e-02
   1.0501002e-11   0.0000000e+00   2.1310846e-02
   1.0541082e-11   0.0000000e+00   2.1280631e-02
   1.0581162e-11   0.0000000e+00   2.1250831e-02
   1.0621242e-11   0.0000000e+00   2.1221439e-02
   1.0661323e-11   0.0000000e+00   2.1192452e-02
   1.0701403e-11   0.0000000e+00   2.1163865e-02
   1.0741483e-11   0.0000000e+00   2.1135673e-02
   1.0781563e-11   0.0000000e+00   2.1107870e-02
   1.0821643e-11   0.0000000e+00   2.1080453e-02
   1.0861723e-11   0.0000000e+00   2.1053417e-02
   1.0901804e-11   0.0000000e+00   2.1026756e-02
   1.0941884e-11   0.0000000e+00   2.1000467e-02
   1.0981964e-11   0.0000000e+00   2.0974544e-02
   1.1022044e-11   0.0000000e+00   2.0948983e-02
   1.1062124e-11   0.0000000e+00   2.0923779e-02
   1.1102204e-11   0.0000000e+00   2.0898928e-02
   1.1142285e-11   0.0000000e+00   2.0874426e-02
   1.1182365e-11   0.0000000e+00   2.0850267e-02
   1.1222445e-11   0.0000000e+00   2.0826448e-02
   1.1262525e-11   0.0000000e+00   2.0802885e-02
   1.1302605e-11   0.0000000e+00   2.0779685e-02
   1.1342685e-11   0.0000000e+00   2.0756878e-02
   1.1382766e-11   0.0000000e+00   2.0734458e-02
   1.1422846e-11   0.0000000e+00   2.0712418e-02
   1.1462926e-11   0.0000000e+00   2.0690755e-02
   1.1503006e-11   0.0000000e+00   2.0669463e-02
   1.1543086e-11   0.0000000e+00   2.0648536e-02
   1.1583166e-11   0.0000000e+00   2.0627970e-02
   1.1623246e-11   0.0000000e+00   2.0607758e-02
   1.1663327e-11   0.0000000e+00   2.0587897e-02
   1.1703407e-11   0.0000000e+00   2.0568380e-02
   1.1743487e-11   0.0000000e+00   2.0549204e-02
   1.1783567e-11   0.0000000e+00   2.0530363e-02
   1.1823647e-11   0.0000000e+00   2.0511852e-02
   1.1863727e-11   0.0000000e+00   2.0493666e-02
   1.1903808e-11   0.0000000e+00   2.0475801e-02
   1.1943888e-11   0.0000000e+00   2.0458251e-02
   1.1983968e-11   0.0000000e+00   2.0441012e-02
   1.2024048e-11   0.0000000e+00   2.0424080e-02
   1.2064128e-11   0.0000000e+00   2.0407450e-02
   1.2104208e-11   0.0000000e+00   2.0391116e-02
   1.2144289e-11   0.0000000e+00   2.0375076e-02
   1.2184369e-11   0.0000000e+00   2.0359324e-02
   1.2224449e-11   0.0000000e+00   2.0343855e-02
   1.2264529e-11   0.0000000e+00   2.0328666e-02
   1.2304609e-11   0.0000000e+00   2.0313752e-02
   1.2344689e-11   0.0000000e+00   2.0299109e-02
   1.2384770e-11   0.0000000e+00   2.0284732e-02
   1.2424850e-11   0.0000000e+00   2.0270618e-02
   1.2464930e-11   0.0000000e+00   2.0256782e-02
   1.2505010e-11   0.0000000e+00   2.0243217e-02
   1.2545090e-11   0.0000000e+00   2.0229916e-02
   1.2585170e-11   0.0000000e+00   2.0216876e-02
   1.2625251e-11   0.0000000e+00   2.0204092e-02
   1.2665331e-11   0.0000000e+00   2.0191562e-02
   1.2705411e-11   0.0000000e+00   2.0179280e-02
   1.2745491e-11   0.0000000e+00   2.0167244e-02
   1.2785571e-11   0.0000000e+00   2.0155450e-02
   1.2825651e-11   0.0000000e+00   2.0143894e-02
   1.2865731e-11   0.0000000e+00   2.0132572e-02
   1.2905812e-11   0.0000000e+00   2.0121481e-02
   1.2945892e-11   0.0000000e+00   2.0110617e-02
   1.2985972e-11   0.0000000e+00   2.0099978e-02
   1.3026052e-11   0.0000000e+00   2.0089559e-02
   1.3066132e-11   0.0000000e+00   2.0079357e-02
   1.3106212e-11   0.0000000e+00   2.0069370e-02
   1.3146293e-11   0.0000000e+00   2.0059593e-02
   1.3186373e-11   0.0000000e+00   2.0050023e-02
   1.3226453e-11   0.0000000e+00   2.0040658e-02
   1.3266533e-11   0.0000000e+00   2.0031494e-02
   1.3306613e-11   0.0000000e+00   2.0022528e-02
   1.3346693e-11   0.0000000e+00   2.0013757e-02
   1.3386774e-11   0.0000000e+00   2.0005179e-02
   1.3426854e-11   0.0000000e+00   1.9996790e-02
   1.3466934e-11   0.0000000e+00   1.9988587e-02
   1.3507014e-11   0.0000000e+00   1.9980568e-02
   1.3547094e-11   0.0000000e+00   1.9972730e-02
   1.3587174e-11   0.0000000e+00   1.9965070e-02
   1.3627255e-11   0.0000000e+00   1.9957585e-02
   1.3667335e-11   0.0000000e+00   1.9950342e-02
   1.3707415e-11   0.0000000e+00   1.9943253e-02
   1.3747495e-11   0.0000000e+00   1.9936312e-02
   1.3787575e-11   0.0000000e+00   1.9929516e-02
   1.3827655e-11   0.0000000e+00   1.9922865e-02
   1.3867735e-11   0.0000000e+00   1.9916356e-02
   1.3907816e-11   0.0000000e+00   1.9909988e-02
   1.3947896e-11   0.0000000e+00   1.9903758e-02
   1.3987976e-11   0.0000000e+00   1.9897665e-02
   1.4028056e-11   0.0000000e+00   1.9891707e-02
   1.4068136e-11   0.0000000e+00   1.9885883e-02
   1.4108216e-11   0.0000000e+00   1.9880190e-02
   1.4148297e-11   0.0000000e+00   1.9874627e-02
   1.4188377e-11   0.0000000e+00   1.9869193e-02
   1.4228457e-11   0.0000000e+00   1.9863885e-02
   1.4268537e-11   0.0000000e+00   1.9858703e-02
   1.4308617e-11   0.0000000e+00   1.9853644e-02
   1.4348697e-11   0.0000000e+00   1.9848707e-02
   1.4388778e-11   0.0000000e+00   1.9843891e-02
   1.4428858e-11   0.0000000e+00   1.9839194e-02
   1.4468938e-11   0.0000000e+00   1.9834614e-02
   1.4509018e-11   0.0000000e+00   1.9830151e-02
   1.4549098e-11   0.0000000e+00   1.9825804e-02
   1.4589178e-11   0.0000000e+00   1.9821569e-02
   1.4629259e-11   0.0000000e+00   1.9817448e-02
   1.4669339e-11   0.0000000e+00   1.9813437e-02
   1.4709419e-11   0.0000000e+00   1.9809536e-02
   1.4749499e-11   0.0000000e+00   1.9805744e-02
   1.4789579e-11   0.0000000e+00   1.9802059e-02
   1.4829659e-11   0.0000000e+00   1.9798483e-02
   1.4869739e-11   0.0000000e+00   1.9795035e-02
   1.4909820e-11   0.0000000e+00   1.9791662e-02
   1.4949900e-11   0.0000000e+00   1.9788362e-02
   1.4989980e-11   0.0000000e+00   1.9785136e-02
   1.5030060e-11   0.0000000e+00   1.9781982e-02
   1.5070140e-11   0.0000000e+00   1.9778900e-02
   1.5110220e-11   0.0000000e+00   1.9775889e-02
   1.5150301e-11   0.0000000e+00   1.9772949e-02
   1.5190381e-11   0.0000000e+00   1.9770079e-02
   1.5230461e-11   0.0000000e+00   1.9767278e-02
   1.5270541e-11   0.0000000e+00   1.9764546e-02
   1.5310621e-11   0.0000000e+00   1.9761883e-02
   1.5350701e-11   0.0000000e+00   1.9759287e-02
   1.5390782e-11   0.0000000e+00   1.9756758e-02
   1.5430862e-11   0.0000000e+00   1.9754296e-02
   1.5470942e-11   0.0000000e+00   1.9751900e-02
   1.5511022e-11   0.0000000e+00   1.9749569e-02
   1.5551102e-11   0.0000000e+00   1.9747304e-02
   1.5591182e-11   0.0000000e+00   1.9745103e-02
   1.5631263e-11   0.0000000e+00   1.9742967e-02
   1.5671343e-11   0.0000000e+00   1.9740894e-02
   1.5711423e-11   0.0000000e+00   1.9738890e-02
   1.5751503e-11   0.0000000e+00   1.9736958e-02
   1.5791583e-11   0.0000000e+00   1.9735066e-02
   1.5831663e-11   0.0000000e+00   1.9733215e-02
   1.5871743e-11   0.0000000e+00   1.9731405e-02
   1.5911824e-11   0.0000000e+00   1.9729634e-02
   1.5951904e-11   0.0000000e+00   1.9727903e-02
   1.5991984e-11   0.0000000e+00   1.9726212e-02
   1.6032064e-11   0.0000000e+00   1.9724560e-02
   1.6072144e-11   0.0000000e+00   1.9722947e-02
   1.6112224e-11   0.0000000e+00   1.9721374e-02
   1.6152305e-11   0.0000000e+00   1.9719838e-02
   1.6192385e-11   0.0000000e+00   1.9718342e-02
   1.6232465e-11   0.0000000e+00   1.9716884e-02
   1.6272545e-11   0.0000000e+00   1.9715464e-02
   1.6312625e-11   0.0000000e+00   1.9714081e-02
   1.6352705e-11   0.0000000e+00   1.9712737e-02
   1.6392786e-11   0.0000000e+00   1.9711430e-02
   1.6432866e-11   0.0000000e+00   1.9710161e-02
   1.6472946e-11   0.0000000e+00   1.9708929e-02
   1.6513026e-11   0.0000000e+00   1.9707734e-02
   1.6553106e-11   0.0000000e+00   1.9706575e-02
   1.6593186e-11   0.0000000e+00   1.9705460e-02
   1.6633267e-11   0.0000000e+00   1.9704381e-02
   1.6673347e-11   0.0000000e+00   1.9703323e-02
   1.6713427e-11   0.0000000e+00   1.9702287e-02
   1.6753507e-11   0.0000000e+00   1.9701272e-02
   1.6793587e-11   0.0000000e+00   1.9700279e-02
   1.6833667e-11   0.0000000e+00   1.9699307e-02
   1.6873747e-11   0.0000000e+00   1.9698356e-02
   1.6913828e-11   0.0000000e+00   1.9697426e-02
   1.6953908e-11   0.0000000e+00   1.9696518e-02
   1.6993988e-11   0.0000000e+00   1.9695630e-02
   1.7034068e-11   0.0000000e+00   1.9694763e-02
   1.7074148e-11   0.0000000e+00   1.9693918e-02
   1.7114228e-11   0.0000000e+00   1.9693093e-02
   1.7154309e-11   0.0000000e+00   1.9692289e-02
   1.7194389e-11   0.0000000e+00   1.9691505e-02
   1.7234469e-11   0.0000000e+00   1.9690743e-02
   1.7274549e-11   0.0000000e+00   1.9690001e-02
   1.7314629e-11   0.0000000e+00   1.9689279e-02
   1.7354709e-11   0.0000000e+00   1.9688578e-02
   1.7394790e-11   0.0000000e+00   1.9687897e-02
   1.7434870e-11   0.0000000e+00   1.9687237e-02
   1.7474950e-11   0.0000000e+00   1.9686601e-02
   1.7515030e-11   0.0000000e+00   1.9685983e-02
   1.7555110e-11   0.0000000e+00   1.9685376e-02
   1.7595190e-11   0.0000000e+00   1.9684780e-02
   1.7635271e-11   0.0000000e+00   1.9684195e-02
   1.7675351e-11   0.0000000e+00   1.9683622e-02
   1.7715431e-11   0.0000000e+00   1.9683059e-02
   1.7755511e-11   0.0000000e+00   1.9682508e-02
   1.7795591e-11   0.0000000e+00   1.9681968e-02
   1.7835671e-11   0.0000000e+00   1.9681439e-02
   1.7875752e-11   0.0000000e+00   1.9680921e-02
   1.7915832e-11   0.0000000e+00   1.9680414e-02
   1.7955912e-11   0.0000000e+00   1.9679919e-02
   1.7995992e-11   0.0000000e+00   1.9679434e-02
   1.8036072e-11   0.0000000e+00   1.9678961e-02
   1.8076152e-11   0.0000000e+00   1.9678498e-02
   1.8116232e-11   0.0000000e+00   1.9678046e-02
   1.8156313e-11   0.0000000e+00   1.9677606e-02
   1.8196393e-11   0.0000000e+00   1.9677176e-02
   1.8236473e-11   0.0000000e+00   1.9676757e-02
   1.8276553e-11   0.0000000e+00   1.9676349e-02
   1.8316633e-11   0.0000000e+00   1.9675952e-02
   1.8356713e-11   0.0000000e+00   1.9675571e-02
   1.8396794e-11   0.0000000e+00   1.9675199e-02
   1.8436874e-11   0.0000000e+00   1.9674831e-02
   1.8476954e-11   0.0000000e+00   1.9674469e-02
   1.8517034e-11   0.0000000e+00   1.9674112e-02
   1.8557114e-11   0.0000000e+00   1.9673760e-02
   1.8597194e-11   0.0000000e+00   1.9673414e-02
   1.8637275e-11   0.0000000e+00   1.9673072e-02
   1.8677355e-11   0.0000000e+00   1.9672736e-02
   1.8717435e-11   0.0000000e+00   1.9672405e-02
   1.8757515e-11   0.0000000e+00   1.9672079e-02
   1.8797595e-11   0.0000000e+00   1.9671758e-02
   1.8837675e-11   0.0000000e+00   1.9671443e-02
   1.8877756e-11   0.0000000e+00   1.9671132e-02
   1.8917836e-11   0.0000000e+00   1.9670827e-02
   1.8957916e-11   0.0000000e+00   1.9670527e-02
   1.8997996e-11   0.0000000e+00   1.9670232e-02
   1.9038076e-11   0.0000000e+00   1.9669942e-02
   1.9078156e-11   0.0000000e+00   1.9669658e-02
   1.9118236e-11   0.0000000e+00   1.9669378e-02
   1.9158317e-11   0.0000000e+00   1.9669104e-02
   1.9198397e-11   0.0000000e+00   1.9668835e-02
   1.9238477e-11   0.0000000e+00   1.9668571e-02
   1.9278557e-11   0.0000000e+00   1.9668312e-02
   1.9318637e-11   0.0000000e+00   1.9668058e-02
   1.9358717e-11   0.0000000e+00   1.9667809e-02
   1.9398798e-11   0.0000000e+00   1.9667565e-02
   1.9438878e-11   0.0000000e+00   1.9667327e-02
   1.9478958e-11   0.0000000e+00   1.9667093e-02
   1.9519038e-11   0.0000000e+00   1.9666865e-02
   1.9559118e-11   0.0000000e+00   1.9666642e-02
   1.9599198e-11   0.0000000e+00   1.9666423e-02
   1.9639279e-11   0.0000000e+00   1.9666206e-02
   1.9679359e-11   0.0000000e+00   1.9665992e-02
   1.9719439e-11   0.0000000e+00   1.9665781e-02
   1.9759519e-11   0.0000000e+00   1.9665572e-02
   1.9799599e-11   0.0000000e+00   1.9665366e-02
   1.9839679e-11   0.0000000e+00   1.9665162e-02
   1.9879760e-11   0.0000000e+00   1.9664961e-02
   1.9919840e-11   0.0000000e+00   1.9664763e-02
   1.9959920e-11   0.0000000e+00   1.9664567e-02
   2.0000000e-11   0.0000000e+00   1.9664373e-02
