   0.0000000e+00   1.4551915e-11   8.7315846e-03
   4.0080160e-14   6.2998381e-10   8.7315846e-03
   8.0160321e-14   2.0038977e-08   8.7315846e-03
   1.2024048e-13   4.6833716e-07   8.7315847e-03
   1.6032064e-13   8.0422692e-06   8.7315844e-03
   2.0040080e-13   1.0146950e-04   8.7315828e-03
   2.4048096e-13   9.4065278e-04   8.7315673e-03
   2.8056112e-13   6.4070792e-03   8.7314536e-03
   3.2064128e-13   3.2064743e-02   8.7308299e-03
   3.6072144e-13   1.1790503e-01   8.7282170e-03
   4.0080160e-13   3.1854724e-01   8.7199347e-03
   4.4088176e-13   6.3234236e-01   8.7000209e-03
   4.8096192e-13   9.2229025e-01   8.6641113e-03
   5.2104208e-13   9.8837074e-01   8.6181828e-03
   5.6112224e-13   7.7823196e-01   8.5744913e-03
   6.0120240e-13   4.5023076e-01   8.5526265e-03
   6.4128257e-13   1.9138072e-01   8.5458823e-03
   6.8136273e-13   5.9772045e-02   8.5444172e-03
   7.2144289e-13   1.3716237e-02   8.5443846e-03
   7.6152305e-13   2.3126438e-03   8.5446671e-03
   8.0160321e-13   2.8649658e-04   8.5449858e-03
   8.4168337e-13   2.6077566e-05   8.5452966e-03
   8.8176353e-13   1.7440205e-06   8.5456022e-03
   9.2184369e-13   8.5698464e-08   8.5459063e-03
   9.6192385e-13   3.0940791e-09   8.5462175e-03
   1.0020040e-12   8.2077987e-11   8.5465357e-03
   1.0420842e-12   1.5997750e-12   8.5468607e-03
   1.0821643e-12   2.2910155e-14   8.5471925e-03
   1.1222445e-12   2.4106496e-16   8.5475307e-03
   1.1623246e-12   1.8637045e-18   8.5478752e-03
   1.2024048e-12   1.0586610e-20   8.5482275e-03
   1.2424850e-12   4.4184885e-23   8.5485889e-03
   1.2825651e-12   1.3549631e-25   8.5489592e-03
   1.3226453e-12   3.0529388e-28   8.5493384e-03
   1.3627255e-12   5.0541212e-31   8.5497266e-03
   1.4028056e-12   6.1476641e-34   8.5501238e-03
   1.4428858e-12   5.4942894e-37   8.5505299e-03
   1.4829659e-12   3.6078614e-40   8.5509450e-03
   1.5230461e-12   1.7407046e-43   8.5513690e-03
   1.5631263e-12   6.1707399e-47   8.5518019e-03
   1.6032064e-12   1.6072606e-50   8.5522438e-03
   1.6432866e-12   3.0759007e-54   8.5526946e-03
   1.6833667e-12   4.3250907e-58   8.5531537e-03
   1.7234469e-12   4.4684309e-62   8.5536195e-03
   1.7635271e-12   3.3919684e-66   8.5540920e-03
   1.8036072e-12   1.8918446e-70   8.5545713e-03
   1.8436874e-12   7.7527548e-75   8.5550571e-03
   1.8837675e-12   2.3343370e-79   8.5555494e-03
   1.9238477e-12   5.1642586e-84   8.5560480e-03
   1.9639279e-12   8.3943936e-89   8.5565529e-03
   2.0040080e-12   1.0025536e-93   8.5570639e-03
   2.0440882e-12   8.7975708e-99   8.5575810e-03
   2.0841683e-12  5.6722436e-104   8.5581041e-03
   2.1242485e-12  2.6871004e-109   8.5586330e-03
   2.1643287e-12  9.3529763e-115   8.5591677e-03
   2.2044088e-12  2.3919533e-120   8.5597081e-03
   2.2444890e-12  4.4946147e-126   8.5602540e-03
   2.2845691e-12  6.2053912e-132   8.5608055e-03
   2.3246493e-12  6.2948122e-138   8.5613623e-03
   2.3647295e-12  4.6917332e-144   8.5619258e-03
   2.4048096e-12  2.5693352e-150   8.5625013e-03
   2.4448898e-12  1.0338205e-156   8.5630825e-03
   2.4849699e-12  3.0563735e-163   8.5636692e-03
   2.5250501e-12  6.6390301e-170   8.5642614e-03
   2.5651303e-12  1.0595947e-176   8.5648590e-03
   2.6052104e-12  1.2425441e-183   8.5654618e-03
   2.6452906e-12  1.0705841e-190   8.5660699e-03
   2.6853707e-12  6.7774553e-198   8.5666831e-03
   2.7254509e-12  3.1524592e-205   8.5673013e-03
   2.7655311e-12  1.0773807e-212   8.5679245e-03
   2.8056112e-12  2.7053648e-220   8.5685526e-03
   2.8456914e-12  4.9913658e-228   8.5691854e-03
   2.8857715e-12  6.7662786e-236   8.5698229e-03
   2.9258517e-12  6.7393386e-244   8.5704650e-03
   2.9659319e-12  4.9319833e-252   8.5711117e-03
   3.0060120e-12  2.6519347e-260   8.5717628e-03
   3.0460922e-12  1.0477098e-268   8.5724183e-03
   3.0861723e-12  3.0412776e-277   8.5730780e-03
   3.1262525e-12  6.4864647e-286   8.5737419e-03
   3.1663327e-12  1.0164756e-294   8.5744099e-03
   3.2064128e-12  1.1703690e-303   8.5750820e-03
   3.2464930e-12  9.9011480e-313   8.5757580e-03
   3.2865731e-12  6.1264140e-322   8.5764378e-03
   3.3266533e-12   0.0000000e+00   8.5771213e-03
   3.3667335e-12   0.0000000e+00   8.5778043e-03
   3.4068136e-12   0.0000000e+00   8.5784894e-03
   3.4468938e-12   0.0000000e+00   8.5791763e-03
   3.4869739e-12   0.0000000e+00   8.5798650e-03
   3.5270541e-12   0.0000000e+00   8.5805554e-03
   3.5671343e-12   0.0000000e+00   8.5812473e-03
   3.6072144e-12   0.0000000e+00   8.5819408e-03
   3.6472946e-12   0.0000000e+00   8.5826356e-03
   3.6873747e-12   0.0000000e+00   8.5833318e-03
   3.7274549e-12   0.0000000e+00   8.5840291e-03
   3.7675351e-12   0.0000000e+00   8.5847276e-03
   3.8076152e-12   0.0000000e+00   8.5854271e-03
   3.8476954e-12   0.0000000e+00   8.5861275e-03
   3.8877756e-12   0.0000000e+00   8.5868287e-03
   3.9278557e-12   0.0000000e+00   8.5875307e-03
   3.9679359e-12   0.0000000e+00   8.5882334e-03
   4.0080160e-12   0.0000000e+00   8.5889367e-03
   4.0480962e-12   0.0000000e+00   8.5896405e-03
   4.0881764e-12   0.0000000e+00   8.5903446e-03
   4.1282565e-12   0.0000000e+00   8.5910492e-03
   4.1683367e-12   0.0000000e+00   8.5917540e-03
   4.2084168e-12   0.0000000e+00   8.5924589e-03
   4.2484970e-12   0.0000000e+00   8.5931640e-03
   4.2885772e-12   0.0000000e+00   8.5938691e-03
   4.3286573e-12   0.0000000e+00   8.5945795e-03
   4.3687375e-12   0.0000000e+00   8.5952887e-03
   4.4088176e-12   0.0000000e+00   8.5959959e-03
   4.4488978e-12   0.0000000e+00   8.5967011e-03
   4.4889780e-12   0.0000000e+00   8.5974042e-03
   4.5290581e-12   0.0000000e+00   8.5981052e-03
   4.5691383e-12   0.0000000e+00   8.5988039e-03
   4.6092184e-12   0.0000000e+00   8.5995004e-03
   4.6492986e-12   0.0000000e+00   8.6001944e-03
   4.6893788e-12   0.0000000e+00   8.6008860e-03
   4.7294589e-12   0.0000000e+00   8.6015751e-03
   4.7695391e-12   0.0000000e+00   8.6022616e-03
   4.8096192e-12   0.0000000e+00   8.6029454e-03
   4.8496994e-12   0.0000000e+00   8.6036266e-03
   4.8897796e-12   0.0000000e+00   8.6043049e-03
   4.9298597e-12   0.0000000e+00   8.6049805e-03
   4.9699399e-12   0.0000000e+00   8.6056532e-03
   5.0100200e-12   0.0000000e+00   8.6063229e-03
   5.0501002e-12   0.0000000e+00   8.6069897e-03
   5.0901804e-12   0.0000000e+00   8.6076534e-03
   5.1302605e-12   0.0000000e+00   8.6083140e-03
   5.1703407e-12   0.0000000e+00   8.6089715e-03
   5.2104208e-12   0.0000000e+00   8.6096258e-03
   5.2505010e-12   0.0000000e+00   8.6102769e-03
   5.2905812e-12   0.0000000e+00   8.6109247e-03
   5.3306613e-12   0.0000000e+00   8.6115692e-03
   5.3707415e-12   0.0000000e+00   8.6122104e-03
   5.4108216e-12   0.0000000e+00   8.6128482e-03
   5.4509018e-12   0.0000000e+00   8.6134826e-03
   5.4909820e-12   0.0000000e+00   8.6141135e-03
   5.5310621e-12   0.0000000e+00   8.6147409e-03
   5.5711423e-12   0.0000000e+00   8.6153648e-03
   5.6112224e-12   0.0000000e+00   8.6159852e-03
   5.6513026e-12   0.0000000e+00   8.6166020e-03
   5.6913828e-12   0.0000000e+00   8.6172151e-03
   5.7314629e-12   0.0000000e+00   8.6178247e-03
   5.7715431e-12   0.0000000e+00   8.6184305e-03
   5.8116232e-12   0.0000000e+00   8.6190327e-03
   5.8517034e-12   0.0000000e+00   8.6196311e-03
   5.8917836e-12   0.0000000e+00   8.6202255e-03
   5.9318637e-12   0.0000000e+00   8.6208160e-03
   5.9719439e-12   0.0000000e+00   8.6214025e-03
   6.0120240e-12   0.0000000e+00   8.6219850e-03
   6.0521042e-12   0.0000000e+00   8.6225634e-03
   6.0921844e-12   0.0000000e+00   8.6231379e-03
   6.1322645e-12   0.0000000e+00   8.6237083e-03
   6.1723447e-12   0.0000000e+00   8.6242747e-03
   6.2124248e-12   0.0000000e+00   8.6248369e-03
   6.2525050e-12   0.0000000e+00   8.6253951e-03
   6.2925852e-12   0.0000000e+00   8.6259493e-03
   6.3326653e-12   0.0000000e+00   8.6264993e-03
   6.3727455e-12   0.0000000e+00   8.6270452e-03
   6.4128257e-12   0.0000000e+00   8.6275870e-03
   6.4529058e-12   0.0000000e+00   8.6281246e-03
   6.4929860e-12   0.0000000e+00   8.6286577e-03
   6.5330661e-12   0.0000000e+00   8.6291866e-03
   6.5731463e-12   0.0000000e+00   8.6297116e-03
   6.6132265e-12   0.0000000e+00   8.6302325e-03
   6.6533066e-12   0.0000000e+00   8.6307494e-03
   6.6933868e-12   0.0000000e+00   8.6312623e-03
   6.7334669e-12   0.0000000e+00   8.6317712e-03
   6.7735471e-12   0.0000000e+00   8.6322760e-03
   6.8136273e-12   0.0000000e+00   8.6327769e-03
   6.8537074e-12   0.0000000e+00   8.6332737e-03
   6.8937876e-12   0.0000000e+00   8.6337664e-03
   6.9338677e-12   0.0000000e+00   8.6342552e-03
   6.9739479e-12   0.0000000e+00   8.6347399e-03
   7.0140281e-12   0.0000000e+00   8.6352207e-03
   7.0541082e-12   0.0000000e+00   8.6356974e-03
   7.0941884e-12   0.0000000e+00   8.6361787e-03
   7.1342685e-12   0.0000000e+00   8.6366767e-03
   7.1743487e-12   0.0000000e+00   8.6371779e-03
   7.2144289e-12   0.0000000e+00   8.6376825e-03
   7.2545090e-12   0.0000000e+00   8.6381903e-03
   7.2945892e-12   0.0000000e+00   8.6387012e-03
   7.3346693e-12   0.0000000e+00   8.6392153e-03
   7.3747495e-12   0.0000000e+00   8.6397323e-03
   7.4148297e-12   0.0000000e+00   8.6402524e-03
   7.4549098e-12   0.0000000e+00   8.6407754e-03
   7.4949900e-12   0.0000000e+00   8.6412985e-03
   7.5350701e-12   0.0000000e+00   8.6418187e-03
   7.5751503e-12   0.0000000e+00   8.6423358e-03
   7.6152305e-12   0.0000000e+00   8.6428499e-03
   7.6553106e-12   0.0000000e+00   8.6433610e-03
   7.6953908e-12   0.0000000e+00   8.6438690e-03
   7.7354709e-12   0.0000000e+00   8.6443740e-03
   7.7755511e-12   0.0000000e+00   8.6448760e-03
   7.8156313e-12   0.0000000e+00   8.6453749e-03
   7.8557114e-12   0.0000000e+00   8.6458722e-03
   7.8957916e-12   0.0000000e+00   8.6463673e-03
   7.9358717e-12   0.0000000e+00   8.6468588e-03
   7.9759519e-12   0.0000000e+00   8.6473467e-03
   8.0160321e-12   0.0000000e+00   8.6478310e-03
   8.0561122e-12   0.0000000e+00   8.6483115e-03
   8.0961924e-12   0.0000000e+00   8.6487885e-03
   8.1362725e-12   0.0000000e+00   8.6492618e-03
   8.1763527e-12   0.0000000e+00   8.6497315e-03
   8.2164329e-12   0.0000000e+00   8.6501976e-03
   8.2565130e-12   0.0000000e+00   8.6506600e-03
   8.2965932e-12   0.0000000e+00   8.6511189e-03
   8.3366733e-12   0.0000000e+00   8.6515741e-03
   8.3767535e-12   0.0000000e+00   8.6520257e-03
   8.4168337e-12   0.0000000e+00   8.6524737e-03
   8.4569138e-12   0.0000000e+00   8.6529182e-03
   8.4969940e-12   0.0000000e+00   8.6533590e-03
   8.5370741e-12   0.0000000e+00   8.6537963e-03
   8.5771543e-12   0.0000000e+00   8.6542300e-03
   8.6172345e-12   0.0000000e+00   8.6546601e-03
   8.6573146e-12   0.0000000e+00   8.6550868e-03
   8.6973948e-12   0.0000000e+00   8.6555098e-03
   8.7374749e-12   0.0000000e+00   8.6559294e-03
   8.7775551e-12   0.0000000e+00   8.6563454e-03
   8.8176353e-12   0.0000000e+00   8.6567579e-03
   8.8577154e-12   0.0000000e+00   8.6571669e-03
   8.8977956e-12   0.0000000e+00   8.6575724e-03
   8.9378758e-12   0.0000000e+00   8.6579745e-03
   8.9779559e-12   0.0000000e+00   8.6583731e-03
   9.0180361e-12   0.0000000e+00   8.6587682e-03
   9.0581162e-12   0.0000000e+00   8.6591599e-03
   9.0981964e-12   0.0000000e+00   8.6595482e-03
   9.1382766e-12   0.0000000e+00   8.6599331e-03
   9.1783567e-12   0.0000000e+00   8.6603146e-03
   9.2184369e-12   0.0000000e+00   8.6606927e-03
   9.2585170e-12   0.0000000e+00   8.6610674e-03
   9.2985972e-12   0.0000000e+00   8.6614388e-03
   9.3386774e-12   0.0000000e+00   8.6618069e-03
   9.3787575e-12   0.0000000e+00   8.6621716e-03
   9.4188377e-12   0.0000000e+00   8.6625330e-03
   9.4589178e-12   0.0000000e+00   8.6628911e-03
   9.4989980e-12   0.0000000e+00   8.6632460e-03
   9.5390782e-12   0.0000000e+00   8.6635981e-03
   9.5791583e-12   0.0000000e+00   8.6639493e-03
   9.6192385e-12   0.0000000e+00   8.6642964e-03
   9.6593186e-12   0.0000000e+00   8.6646395e-03
   9.6993988e-12   0.0000000e+00   8.6649786e-03
   9.7394790e-12   0.0000000e+00   8.6653137e-03
   9.7795591e-12   0.0000000e+00   8.6656448e-03
   9.8196393e-12   0.0000000e+00   8.6659720e-03
   9.8597194e-12   0.0000000e+00   8.6662953e-03
   9.8997996e-12   0.0000000e+00   8.6666148e-03
   9.9398798e-12   0.0000000e+00   8.6669304e-03
   9.9799599e-12   0.0000000e+00   8.6672422e-03
   1.0020040e-11   0.0000000e+00   8.6675502e-03
   1.0060120e-11   0.0000000e+00   8.6678545e-03
   1.0100200e-11   0.0000000e+00   8.6681550e-03
   1.0140281e-11   0.0000000e+00   8.6684519e-03
   1.0180361e-11   0.0000000e+00   8.6687451e-03
   1.0220441e-11   0.0000000e+00   8.6690347e-03
   1.0260521e-11   0.0000000e+00   8.6693207e-03
   1.0300601e-11   0.0000000e+00   8.6696032e-03
   1.0340681e-11   0.0000000e+00   8.6698821e-03
   1.0380762e-11   0.0000000e+00   8.6701575e-03
   1.0420842e-11   0.0000000e+00   8.6704295e-03
   1.0460922e-11   0.0000000e+00   8.6706980e-03
   1.0501002e-11   0.0000000e+00   8.6709631e-03
   1.0541082e-11   0.0000000e+00   8.6712249e-03
   1.0581162e-11   0.0000000e+00   8.6714833e-03
   1.0621242e-11   0.0000000e+00   8.6717384e-03
   1.0661323e-11   0.0000000e+00   8.6719902e-03
   1.0701403e-11   0.0000000e+00   8.6722388e-03
   1.0741483e-11   0.0000000e+00   8.6724842e-03
   1.0781563e-11   0.0000000e+00   8.6727264e-03
   1.0821643e-11   0.0000000e+00   8.6729655e-03
   1.0861723e-11   0.0000000e+00   8.6732014e-03
   1.0901804e-11   0.0000000e+00   8.6734343e-03
   1.0941884e-11   0.0000000e+00   8.6736641e-03
   1.0981964e-11   0.0000000e+00   8.6738910e-03
   1.1022044e-11   0.0000000e+00   8.6741148e-03
   1.1062124e-11   0.0000000e+00   8.6743357e-03
   1.1102204e-11   0.0000000e+00   8.6745536e-03
   1.1142285e-11   0.0000000e+00   8.6747687e-03
   1.1182365e-11   0.0000000e+00   8.6749810e-03
   1.1222445e-11   0.0000000e+00   8.6751904e-03
   1.1262525e-11   0.0000000e+00   8.6753977e-03
   1.1302605e-11   0.0000000e+00   8.6756019e-03
   1.1342685e-11   0.0000000e+00   8.6758029e-03
   1.1382766e-11   0.0000000e+00   8.6760006e-03
   1.1422846e-11   0.0000000e+00   8.6761951e-03
   1.1462926e-11   0.0000000e+00   8.6763864e-03
   1.1503006e-11   0.0000000e+00   8.6765745e-03
   1.1543086e-11   0.0000000e+00   8.6767595e-03
   1.1583166e-11   0.0000000e+00   8.6769415e-03
   1.1623246e-11   0.0000000e+00   8.6771205e-03
   1.1663327e-11   0.0000000e+00   8.6772964e-03
   1.1703407e-11   0.0000000e+00   8.6774694e-03
   1.1743487e-11   0.0000000e+00   8.6776395e-03
   1.1783567e-11   0.0000000e+00   8.6778067e-03
   1.1823647e-11   0.0000000e+00   8.6779711e-03
   1.1863727e-11   0.0000000e+00   8.6781327e-03
   1.1903808e-11   0.0000000e+00   8.6782916e-03
   1.1943888e-11   0.0000000e+00   8.6784477e-03
   1.1983968e-11   0.0000000e+00   8.6786011e-03
   1.2024048e-11   0.0000000e+00   8.6787519e-03
   1.2064128e-11   0.0000000e+00   8.6789001e-03
   1.2104208e-11   0.0000000e+00   8.6790457e-03
   1.2144289e-11   0.0000000e+00   8.6791888e-03
   1.2184369e-11   0.0000000e+00   8.6793294e-03
   1.2224449e-11   0.0000000e+00   8.6794675e-03
   1.2264529e-11   0.0000000e+00   8.6796032e-03
   1.2304609e-11   0.0000000e+00   8.6797364e-03
   1.2344689e-11   0.0000000e+00   8.6798674e-03
   1.2384770e-11   0.0000000e+00   8.6799960e-03
   1.2424850e-11   0.0000000e+00   8.6801223e-03
   1.2464930e-11   0.0000000e+00   8.6802462e-03
   1.2505010e-11   0.0000000e+00   8.6803677e-03
   1.2545090e-11   0.0000000e+00   8.6804868e-03
   1.2585170e-11   0.0000000e+00   8.6806037e-03
   1.2625251e-11   0.0000000e+00   8.6807184e-03
   1.2665331e-11   0.0000000e+00   8.6808308e-03
   1.2705411e-11   0.0000000e+00   8.6809410e-03
   1.2745491e-11   0.0000000e+00   8.6810491e-03
   1.2785571e-11   0.0000000e+00   8.6811550e-03
   1.2825651e-11   0.0000000e+00   8.6812589e-03
   1.2865731e-11   0.0000000e+00   8.6813606e-03
   1.2905812e-11   0.0000000e+00   8.6814604e-03
   1.2945892e-11   0.0000000e+00   8.6815581e-03
   1.2985972e-11   0.0000000e+00   8.6816538e-03
   1.3026052e-11   0.0000000e+00   8.6817476e-03
   1.3066132e-11   0.0000000e+00   8.6818394e-03
   1.3106212e-11   0.0000000e+00   8.6819294e-03
   1.3146293e-11   0.0000000e+00   8.6820175e-03
   1.3186373e-11   0.0000000e+00   8.6821037e-03
   1.3226453e-11   0.0000000e+00   8.6821881e-03
   1.3266533e-11   0.0000000e+00   8.6822708e-03
   1.3306613e-11   0.0000000e+00   8.6823516e-03
   1.3346693e-11   0.0000000e+00   8.6824308e-03
   1.3386774e-11   0.0000000e+00   8.6825082e-03
   1.3426854e-11   0.0000000e+00   8.6825839e-03
   1.3466934e-11   0.0000000e+00   8.6826580e-03
   1.3507014e-11   0.0000000e+00   8.6827304e-03
   1.3547094e-11   0.0000000e+00   8.6828012e-03
   1.3587174e-11   0.0000000e+00   8.6828704e-03
   1.3627255e-11   0.0000000e+00   8.6829381e-03
   1.3667335e-11   0.0000000e+00   8.6830035e-03
   1.3707415e-11   0.0000000e+00   8.6830676e-03
   1.3747495e-11   0.0000000e+00   8.6831304e-03
   1.3787575e-11   0.0000000e+00   8.6831919e-03
   1.3827655e-11   0.0000000e+00   8.6832521e-03
   1.3867735e-11   0.0000000e+00   8.6833110e-03
   1.3907816e-11   0.0000000e+00   8.6833686e-03
   1.3947896e-11   0.0000000e+00   8.6834250e-03
   1.3987976e-11   0.0000000e+00   8.6834802e-03
   1.4028056e-11   0.0000000e+00   8.6835341e-03
   1.4068136e-11   0.0000000e+00   8.6835869e-03
   1.4108216e-11   0.0000000e+00   8.6836385e-03
   1.4148297e-11   0.0000000e+00   8.6836889e-03
   1.4188377e-11   0.0000000e+00   8.6837381e-03
   1.4228457e-11   0.0000000e+00   8.6837862e-03
   1.4268537e-11   0.0000000e+00   8.6838332e-03
   1.4308617e-11   0.0000000e+00   8.6838791e-03
   1.4348697e-11   0.0000000e+00   8.6839239e-03
   1.4388778e-11   0.0000000e+00   8.6839676e-03
   1.4428858e-11   0.0000000e+00   8.6840102e-03
   1.4468938e-11   0.0000000e+00   8.6840517e-03
   1.4509018e-11   0.0000000e+00   8.6840922e-03
   1.4549098e-11   0.0000000e+00   8.6841317e-03
   1.4589178e-11   0.0000000e+00   8.6841701e-03
   1.4629259e-11   0.0000000e+00   8.6842075e-03
   1.4669339e-11   0.0000000e+00   8.6842439e-03
   1.4709419e-11   0.0000000e+00   8.6842794e-03
   1.4749499e-11   0.0000000e+00   8.6843138e-03
   1.4789579e-11   0.0000000e+00   8.6843473e-03
   1.4829659e-11   0.0000000e+00   8.6843797e-03
   1.4869739e-11   0.0000000e+00   8.6844111e-03
   1.4909820e-11   0.0000000e+00   8.6844417e-03
   1.4949900e-11   0.0000000e+00   8.6844717e-03
   1.4989980e-11   0.0000000e+00   8.6845010e-03
   1.5030060e-11   0.0000000e+00   8.6845297e-03
   1.5070140e-11   0.0000000e+00   8.6845577e-03
   1.5110220e-11   0.0000000e+00   8.6845851e-03
   1.5150301e-11   0.0000000e+00   8.6846118e-03
   1.5190381e-11   0.0000000e+00   8.6846379e-03
   1.5230461e-11   0.0000000e+00   8.6846633e-03
   1.5270541e-11   0.0000000e+00   8.6846882e-03
   1.5310621e-11   0.0000000e+00   8.6847124e-03
   1.5350701e-11   0.0000000e+00   8.6847360e-03
   1.5390782e-11   0.0000000e+00   8.6847590e-03
   1.5430862e-11   0.0000000e+00   8.6847814e-03
   1.5470942e-11   0.0000000e+00   8.6848032e-03
   1.5511022e-11   0.0000000e+00   8.6848244e-03
   1.5551102e-11   0.0000000e+00   8.6848450e-03
   1.5591182e-11   0.0000000e+00   8.6848650e-03
   1.5631263e-11   0.0000000e+00   8.6848845e-03
   1.5671343e-11   0.0000000e+00   8.6849033e-03
   1.5711423e-11   0.0000000e+00   8.6849216e-03
   1.5751503e-11   0.0000000e+00   8.6849392e-03
   1.5791583e-11   0.0000000e+00   8.6849564e-03
   1.5831663e-11   0.0000000e+00   8.6849732e-03
   1.5871743e-11   0.0000000e+00   8.6849897e-03
   1.5911824e-11   0.0000000e+00   8.6850058e-03
   1.5951904e-11   0.0000000e+00   8.6850216e-03
   1.5991984e-11   0.0000000e+00   8.6850370e-03
   1.6032064e-11   0.0000000e+00   8.6850520e-03
   1.6072144e-11   0.0000000e+00   8.6850667e-03
   1.6112224e-11   0.0000000e+00   8.6850810e-03
   1.6152305e-11   0.0000000e+00   8.6850950e-03
   1.6192385e-11   0.0000000e+00   8.6851086e-03
   1.6232465e-11   0.0000000e+00   8.6851219e-03
   1.6272545e-11   0.0000000e+00   8.6851348e-03
   1.6312625e-11   0.0000000e+00   8.6851474e-03
   1.6352705e-11   0.0000000e+00   8.6851597e-03
   1.6392786e-11   0.0000000e+00   8.6851716e-03
   1.6432866e-11   0.0000000e+00   8.6851831e-03
   1.6472946e-11   0.0000000e+00   8.6851944e-03
   1.6513026e-11   0.0000000e+00   8.6852052e-03
   1.6553106e-11   0.0000000e+00   8.6852158e-03
   1.6593186e-11   0.0000000e+00   8.6852260e-03
   1.6633267e-11   0.0000000e+00   8.6852358e-03
   1.6673347e-11   0.0000000e+00   8.6852454e-03
   1.6713427e-11   0.0000000e+00   8.6852549e-03
   1.6753507e-11   0.0000000e+00   8.6852641e-03
   1.6793587e-11   0.0000000e+00   8.6852732e-03
   1.6833667e-11   0.0000000e+00   8.6852820e-03
   1.6873747e-11   0.0000000e+00   8.6852907e-03
   1.6913828e-11   0.0000000e+00   8.6852992e-03
   1.6953908e-11   0.0000000e+00   8.6853074e-03
   1.6993988e-11   0.0000000e+00   8.6853155e-03
   1.7034068e-11   0.0000000e+00   8.6853234e-03
   1.7074148e-11   0.0000000e+00   8.6853311e-03
   1.7114228e-11   0.0000000e+00   8.6853386e-03
   1.7154309e-11   0.0000000e+00   8.6853460e-03
   1.7194389e-11   0.0000000e+00   8.6853531e-03
   1.7234469e-11   0.0000000e+00   8.6853601e-03
   1.7274549e-11   0.0000000e+00   8.6853668e-03
   1.7314629e-11   0.0000000e+00   8.6853734e-03
   1.7354709e-11   0.0000000e+00   8.6853798e-03
   1.7394790e-11   0.0000000e+00   8.6853860e-03
   1.7434870e-11   0.0000000e+00   8.6853920e-03
   1.7474950e-11   0.0000000e+00   8.6853978e-03
   1.7515030e-11   0.0000000e+00   8.6854034e-03
   1.7555110e-11   0.0000000e+00   8.6854090e-03
   1.7595190e-11   0.0000000e+00   8.6854144e-03
   1.7635271e-11   0.0000000e+00   8.6854197e-03
   1.7675351e-11   0.0000000e+00   8.6854250e-03
   1.7715431e-11   0.0000000e+00   8.6854301e-03
   1.7755511e-11   0.0000000e+00   8.6854351e-03
   1.7795591e-11   0.0000000e+00   8.6854400e-03
   1.7835671e-11   0.0000000e+00   8.6854449e-03
   1.7875752e-11   0.0000000e+00   8.6854496e-03
   1.7915832e-11   0.0000000e+00   8.6854542e-03
   1.7955912e-11   0.0000000e+00   8.6854587e-03
   1.7995992e-11   0.0000000e+00   8.6854631e-03
   1.8036072e-11   0.0000000e+00   8.6854675e-03
   1.8076152e-11   0.0000000e+00   8.6854717e-03
   1.8116232e-11   0.0000000e+00   8.6854758e-03
   1.8156313e-11   0.0000000e+00   8.6854798e-03
   1.8196393e-11   0.0000000e+00   8.6854837e-03
   1.8236473e-11   0.0000000e+00   8.6854876e-03
   1.8276553e-11   0.0000000e+00   8.6854913e-03
   1.8316633e-11   0.0000000e+00   8.6854949e-03
   1.8356713e-11   0.0000000e+00   8.6854984e-03
   1.8396794e-11   0.0000000e+00   8.6855018e-03
   1.8436874e-11   0.0000000e+00   8.6855051e-03
   1.8476954e-11   0.0000000e+00   8.6855084e-03
   1.8517034e-11   0.0000000e+00   8.6855117e-03
   1.8557114e-11   0.0000000e+00   8.6855149e-03
   1.8597194e-11   0.0000000e+00   8.6855180e-03
   1.8637275e-11   0.0000000e+00   8.6855212e-03
   1.8677355e-11   0.0000000e+00   8.6855242e-03
   1.8717435e-11   0.0000000e+00   8.6855272e-03
   1.8757515e-11   0.0000000e+00   8.6855302e-03
   1.8797595e-11   0.0000000e+00   8.6855331e-03
   1.8837675e-11   0.0000000e+00   8.6855360e-03
   1.8877756e-11   0.0000000e+00   8.6855388e-03
   1.8917836e-11   0.0000000e+00   8.6855416e-03
   1.8957916e-11   0.0000000e+00   8.6855444e-03
   1.8997996e-11   0.0000000e+00   8.6855470e-03
   1.9038076e-11   0.0000000e+00   8.6855497e-03
   1.9078156e-11   0.0000000e+00   8.6855523e-03
   1.9118236e-11   0.0000000e+00   8.6855548e-03
   1.9158317e-11   0.0000000e+00   8.6855573e-03
   1.9198397e-11   0.0000000e+00   8.6855598e-03
   1.9238477e-11   0.0000000e+00   8.6855622e-03
   1.9278557e-11   0.0000000e+00   8.6855646e-03
   1.9318637e-11   0.0000000e+00   8.6855669e-03
   1.9358717e-11   0.0000000e+00   8.6855692e-03
   1.9398798e-11   0.0000000e+00   8.6855714e-03
   1.9438878e-11   0.0000000e+00   8.6855735e-03
   1.9478958e-11   0.0000000e+00   8.6855757e-03
   1.9519038e-11   0.0000000e+00   8.6855778e-03
   1.9559118e-11   0.0000000e+00   8.6855798e-03
   1.9599198e-11   0.0000000e+00   8.6855818e-03
   1.9639279e-11   0.0000000e+00   8.6855838e-03
   1.9679359e-11   0.0000000e+00   8.6855857e-03
   1.9719439e-11   0.0000000e+00   8.6855876e-03
   1.9759519e-11   0.0000000e+00   8.6855896e-03
   1.9799599e-11   0.0000000e+00   8.6855914e-03
   1.9839679e-11   0.0000000e+00   8.6855933e-03
   1.9879760e-11   0.0000000e+00   8.6855951e-03
   1.9919840e-11   0.0000000e+00   8.6855969e-03
   1.9959920e-11   0.0000000e+00   8.6855987e-03
   2.0000000e-11   0.0000000e+00   8.6856005e-03
