   0.0000000e+00   3.0000000e+02   3.0000000e+02
   4.0080160e-14   3.0000000e+02   3.0000000e+02
   8.0160321e-14   3.0000003e+02   3.0000000e+02
   1.2024048e-13   2.9999584e+02   3.0000000e+02
   1.6032064e-13   3.0001983e+02   3.0000000e+02
   2.0040080e-13   3.0016046e+02   3.0000003e+02
   2.4048096e-13   3.0151170e+02   3.0000029e+02
   2.8056112e-13   3.1124436e+02   3.0000233e+02
   3.2064128e-13   3.5999741e+02   3.0001437e+02
   3.6072144e-13   5.1704013e+02   3.0006489e+02
   4.0080160e-13   8.4311644e+02   3.0020998e+02
   4.4088176e-13   1.3504068e+03   3.0052096e+02
   4.8096192e-13   2.0078676e+03   3.0106019e+02
   5.2104208e-13   2.7235063e+03   3.0185663e+02
   5.6112224e-13   3.4412453e+03   3.0293118e+02
   6.0120240e-13   3.9198542e+03   3.0424499e+02
   6.4128257e-13   4.1395377e+03   3.0570485e+02
   6.8136273e-13   4.2017229e+03   3.0722982e+02
   7.2144289e-13   4.2012780e+03   3.0876783e+02
   7.6152305e-13   4.1859962e+03   3.1030033e+02
   8.0160321e-13   4.1695463e+03   3.1182408e+02
   8.4168337e-13   4.1539461e+03   3.1333919e+02
   8.8176353e-13   4.1389903e+03   3.1484619e+02
   9.2184369e-13   4.1244705e+03   3.1634506e+02
   9.6192385e-13   4.1100097e+03   3.1783647e+02
   1.0020040e-12   4.0956000e+03   3.1932046e+02
   1.0420842e-12   4.0812414e+03   3.2079704e+02
   1.0821643e-12   4.0669340e+03   3.2226621e+02
   1.1222445e-12   4.0526778e+03   3.2372797e+02
   1.1623246e-12   4.0384728e+03   3.2518232e+02
   1.2024048e-12   4.0242616e+03   3.2662913e+02
   1.2424850e-12   4.0099999e+03   3.2806885e+02
   1.2825651e-12   3.9956904e+03   3.2950155e+02
   1.3226453e-12   3.9813331e+03   3.3092721e+02
   1.3627255e-12   3.9669281e+03   3.3234585e+02
   1.4028056e-12   3.9524752e+03   3.3375745e+02
   1.4428858e-12   3.9379745e+03   3.3516203e+02
   1.4829659e-12   3.9234261e+03   3.3655957e+02
   1.5230461e-12   3.9088298e+03   3.3795008e+02
   1.5631263e-12   3.8941858e+03   3.3933357e+02
   1.6032064e-12   3.8794939e+03   3.4071002e+02
   1.6432866e-12   3.8647543e+03   3.4207944e+02
   1.6833667e-12   3.8499858e+03   3.4344148e+02
   1.7234469e-12   3.8352271e+03   3.4479655e+02
   1.7635271e-12   3.8204747e+03   3.4614505e+02
   1.8036072e-12   3.8057286e+03   3.4748700e+02
   1.8436874e-12   3.7909888e+03   3.4882239e+02
   1.8837675e-12   3.7762553e+03   3.5015122e+02
   1.9238477e-12   3.7615281e+03   3.5147348e+02
   1.9639279e-12   3.7468072e+03   3.5278919e+02
   2.0040080e-12   3.7320926e+03   3.5409833e+02
   2.0440882e-12   3.7173843e+03   3.5540092e+02
   2.0841683e-12   3.7026823e+03   3.5669694e+02
   2.1242485e-12   3.6879866e+03   3.5798641e+02
   2.1643287e-12   3.6732973e+03   3.5926931e+02
   2.2044088e-12   3.6586142e+03   3.6054565e+02
   2.2444890e-12   3.6439374e+03   3.6181543e+02
   2.2845691e-12   3.6292669e+03   3.6307866e+02
   2.3246493e-12   3.6146027e+03   3.6433532e+02
   2.3647295e-12   3.5999135e+03   3.6558532e+02
   2.4048096e-12   3.5850786e+03   3.6682848e+02
   2.4448898e-12   3.5702408e+03   3.6806540e+02
   2.4849699e-12   3.5554004e+03   3.6929608e+02
   2.5250501e-12   3.5405572e+03   3.7052053e+02
   2.5651303e-12   3.5257112e+03   3.7173873e+02
   2.6052104e-12   3.5108625e+03   3.7295070e+02
   2.6452906e-12   3.4960111e+03   3.7415643e+02
   2.6853707e-12   3.4811569e+03   3.7535592e+02
   2.7254509e-12   3.4662999e+03   3.7654917e+02
   2.7655311e-12   3.4514402e+03   3.7773618e+02
   2.8056112e-12   3.4365778e+03   3.7891695e+02
   2.8456914e-12   3.4217127e+03   3.8009149e+02
   2.8857715e-12   3.4068447e+03   3.8125978e+02
   2.9258517e-12   3.3919741e+03   3.8242184e+02
   2.9659319e-12   3.3771007e+03   3.8357766e+02
   3.0060120e-12   3.3622245e+03   3.8472724e+02
   3.0460922e-12   3.3473457e+03   3.8587058e+02
   3.0861723e-12   3.3324640e+03   3.8700768e+02
   3.1262525e-12   3.3175796e+03   3.8813854e+02
   3.1663327e-12   3.3026925e+03   3.8926317e+02
   3.2064128e-12   3.2878026e+03   3.9038155e+02
   3.2464930e-12   3.2729100e+03   3.9149370e+02
   3.2865731e-12   3.2580147e+03   3.9259961e+02
   3.3266533e-12   3.2431195e+03   3.9369925e+02
   3.3667335e-12   3.2283002e+03   3.9479226e+02
   3.4068136e-12   3.2135074e+03   3.9587932e+02
   3.4468938e-12   3.1987412e+03   3.9696045e+02
   3.4869739e-12   3.1840015e+03   3.9803563e+02
   3.5270541e-12   3.1692883e+03   3.9910487e+02
   3.5671343e-12   3.1546017e+03   4.0016817e+02
   3.6072144e-12   3.1399417e+03   4.0122554e+02
   3.6472946e-12   3.1253081e+03   4.0227696e+02
   3.6873747e-12   3.1107012e+03   4.0332244e+02
   3.7274549e-12   3.0961207e+03   4.0436198e+02
   3.7675351e-12   3.0815668e+03   4.0539558e+02
   3.8076152e-12   3.0670395e+03   4.0642325e+02
   3.8476954e-12   3.0525387e+03   4.0744497e+02
   3.8877756e-12   3.0380644e+03   4.0846075e+02
   3.9278557e-12   3.0236166e+03   4.0947059e+02
   3.9679359e-12   3.0091955e+03   4.1047449e+02
   4.0080160e-12   2.9948008e+03   4.1147245e+02
   4.0480962e-12   2.9804327e+03   4.1246447e+02
   4.0881764e-12   2.9660911e+03   4.1345055e+02
   4.1282565e-12   2.9517761e+03   4.1443069e+02
   4.1683367e-12   2.9374876e+03   4.1540488e+02
   4.2084168e-12   2.9232257e+03   4.1637314e+02
   4.2484970e-12   2.9089903e+03   4.1733546e+02
   4.2885772e-12   2.8947814e+03   4.1829184e+02
   4.3286573e-12   2.8805112e+03   4.1923928e+02
   4.3687375e-12   2.8662871e+03   4.2018114e+02
   4.4088176e-12   2.8521187e+03   4.2111776e+02
   4.4488978e-12   2.8380061e+03   4.2204913e+02
   4.4889780e-12   2.8239492e+03   4.2297524e+02
   4.5290581e-12   2.8099481e+03   4.2389611e+02
   4.5691383e-12   2.7960028e+03   4.2481172e+02
   4.6092184e-12   2.7821133e+03   4.2572208e+02
   4.6492986e-12   2.7682795e+03   4.2662720e+02
   4.6893788e-12   2.7545015e+03   4.2752706e+02
   4.7294589e-12   2.7407793e+03   4.2842167e+02
   4.7695391e-12   2.7271128e+03   4.2931103e+02
   4.8096192e-12   2.7135021e+03   4.3019514e+02
   4.8496994e-12   2.6999471e+03   4.3107399e+02
   4.8897796e-12   2.6864480e+03   4.3194760e+02
   4.9298597e-12   2.6730046e+03   4.3281596e+02
   4.9699399e-12   2.6596169e+03   4.3367906e+02
   5.0100200e-12   2.6462851e+03   4.3453692e+02
   5.0501002e-12   2.6330090e+03   4.3538952e+02
   5.0901804e-12   2.6197886e+03   4.3623687e+02
   5.1302605e-12   2.6066241e+03   4.3707898e+02
   5.1703407e-12   2.5935153e+03   4.3791583e+02
   5.2104208e-12   2.5804622e+03   4.3874743e+02
   5.2505010e-12   2.5674650e+03   4.3957378e+02
   5.2905812e-12   2.5545235e+03   4.4039488e+02
   5.3306613e-12   2.5416377e+03   4.4121072e+02
   5.3707415e-12   2.5288078e+03   4.4202132e+02
   5.4108216e-12   2.5160336e+03   4.4282667e+02
   5.4509018e-12   2.5033151e+03   4.4362676e+02
   5.4909820e-12   2.4906525e+03   4.4442161e+02
   5.5310621e-12   2.4780456e+03   4.4521120e+02
   5.5711423e-12   2.4654945e+03   4.4599554e+02
   5.6112224e-12   2.4529991e+03   4.4677463e+02
   5.6513026e-12   2.4405595e+03   4.4754848e+02
   5.6913828e-12   2.4281757e+03   4.4831707e+02
   5.7314629e-12   2.4158476e+03   4.4908041e+02
   5.7715431e-12   2.4035753e+03   4.4983849e+02
   5.8116232e-12   2.3913588e+03   4.5059133e+02
   5.8517034e-12   2.3792002e+03   4.5133868e+02
   5.8917836e-12   2.3671013e+03   4.5208105e+02
   5.9318637e-12   2.3550601e+03   4.5281895e+02
   5.9719439e-12   2.3430763e+03   4.5355239e+02
   6.0120240e-12   2.3311502e+03   4.5428137e+02
   6.0521042e-12   2.3192816e+03   4.5500588e+02
   6.0921844e-12   2.3074706e+03   4.5572593e+02
   6.1322645e-12   2.2957171e+03   4.5644152e+02
   6.1723447e-12   2.2840212e+03   4.5715265e+02
   6.2124248e-12   2.2723829e+03   4.5785931e+02
   6.2525050e-12   2.2608021e+03   4.5856151e+02
   6.2925852e-12   2.2492789e+03   4.5925925e+02
   6.3326653e-12   2.2378133e+03   4.5995253e+02
   6.3727455e-12   2.2264052e+03   4.6064134e+02
   6.4128257e-12   2.2150547e+03   4.6132569e+02
   6.4529058e-12   2.2037618e+03   4.6200558e+02
   6.4929860e-12   2.1925366e+03   4.6268065e+02
   6.5330661e-12   2.1813668e+03   4.6335172e+02
   6.5731463e-12   2.1702508e+03   4.6401886e+02
   6.6132265e-12   2.1591888e+03   4.6468207e+02
   6.6533066e-12   2.1481807e+03   4.6534136e+02
   6.6933868e-12   2.1372265e+03   4.6599671e+02
   6.7334669e-12   2.1263262e+03   4.6664813e+02
   6.7735471e-12   2.1154798e+03   4.6729562e+02
   6.8136273e-12   2.1046873e+03   4.6793919e+02
   6.8537074e-12   2.0939487e+03   4.6857882e+02
   6.8937876e-12   2.0832641e+03   4.6921452e+02
   6.9338677e-12   2.0726333e+03   4.6984630e+02
   6.9739479e-12   2.0620565e+03   4.7047414e+02
   7.0140281e-12   2.0515336e+03   4.7109805e+02
   7.0541082e-12   2.0410646e+03   4.7171803e+02
   7.0941884e-12   2.0304893e+03   4.7233378e+02
   7.1342685e-12   2.0195879e+03   4.7294441e+02
   7.1743487e-12   2.0086032e+03   4.7355020e+02
   7.2144289e-12   1.9975351e+03   4.7415114e+02
   7.2545090e-12   1.9863836e+03   4.7474723e+02
   7.2945892e-12   1.9751487e+03   4.7533847e+02
   7.3346693e-12   1.9638304e+03   4.7592487e+02
   7.3747495e-12   1.9524287e+03   4.7650642e+02
   7.4148297e-12   1.9409437e+03   4.7708313e+02
   7.4549098e-12   1.9293753e+03   4.7765499e+02
   7.4949900e-12   1.9177746e+03   4.7822200e+02
   7.5350701e-12   1.9062013e+03   4.7878435e+02
   7.5751503e-12   1.8946555e+03   4.7934203e+02
   7.6152305e-12   1.8831371e+03   4.7989506e+02
   7.6553106e-12   1.8716461e+03   4.8044343e+02
   7.6953908e-12   1.8601827e+03   4.8098715e+02
   7.7354709e-12   1.8487466e+03   4.8152620e+02
   7.7755511e-12   1.8373381e+03   4.8206059e+02
   7.8156313e-12   1.8259570e+03   4.8259033e+02
   7.8557114e-12   1.8145776e+03   4.8311423e+02
   7.8957916e-12   1.8032094e+03   4.8363268e+02
   7.9358717e-12   1.7918786e+03   4.8414689e+02
   7.9759519e-12   1.7805850e+03   4.8465685e+02
   8.0160321e-12   1.7693288e+03   4.8516255e+02
   8.0561122e-12   1.7581098e+03   4.8566400e+02
   8.0961924e-12   1.7469281e+03   4.8616120e+02
   8.1362725e-12   1.7357838e+03   4.8665414e+02
   8.1763527e-12   1.7246767e+03   4.8714284e+02
   8.2164329e-12   1.7136069e+03   4.8762728e+02
   8.2565130e-12   1.7025745e+03   4.8810747e+02
   8.2965932e-12   1.6915793e+03   4.8858341e+02
   8.3366733e-12   1.6806214e+03   4.8905509e+02
   8.3767535e-12   1.6697009e+03   4.8952253e+02
   8.4168337e-12   1.6588176e+03   4.8998571e+02
   8.4569138e-12   1.6479716e+03   4.9044464e+02
   8.4969940e-12   1.6371629e+03   4.9089932e+02
   8.5370741e-12   1.6263916e+03   4.9134974e+02
   8.5771543e-12   1.6156575e+03   4.9179592e+02
   8.6172345e-12   1.6049607e+03   4.9223784e+02
   8.6573146e-12   1.5943012e+03   4.9267551e+02
   8.6973948e-12   1.5836791e+03   4.9310893e+02
   8.7374749e-12   1.5730942e+03   4.9353809e+02
   8.7775551e-12   1.5625466e+03   4.9396301e+02
   8.8176353e-12   1.5520363e+03   4.9438367e+02
   8.8577154e-12   1.5415633e+03   4.9480008e+02
   8.8977956e-12   1.5311277e+03   4.9521224e+02
   8.9378758e-12   1.5207293e+03   4.9562014e+02
   8.9779559e-12   1.5103682e+03   4.9602380e+02
   9.0180361e-12   1.5000444e+03   4.9642320e+02
   9.0581162e-12   1.4897579e+03   4.9681835e+02
   9.0981964e-12   1.4795087e+03   4.9720925e+02
   9.1382766e-12   1.4692968e+03   4.9759589e+02
   9.1783567e-12   1.4591222e+03   4.9797829e+02
   9.2184369e-12   1.4489850e+03   4.9835643e+02
   9.2585170e-12   1.4388850e+03   4.9873032e+02
   9.2985972e-12   1.4288223e+03   4.9909995e+02
   9.3386774e-12   1.4187969e+03   4.9946534e+02
   9.3787575e-12   1.4088088e+03   4.9982647e+02
   9.4188377e-12   1.3988580e+03   5.0018336e+02
   9.4589178e-12   1.3889445e+03   5.0053599e+02
   9.4989980e-12   1.3790683e+03   5.0088436e+02
   9.5390782e-12   1.3692202e+03   5.0122803e+02
   9.5791583e-12   1.3593608e+03   5.0156499e+02
   9.6192385e-12   1.3495556e+03   5.0189850e+02
   9.6593186e-12   1.3398046e+03   5.0222855e+02
   9.6993988e-12   1.3301077e+03   5.0255515e+02
   9.7394790e-12   1.3204650e+03   5.0287828e+02
   9.7795591e-12   1.3108765e+03   5.0319796e+02
   9.8196393e-12   1.3013422e+03   5.0351418e+02
   9.8597194e-12   1.2918620e+03   5.0382695e+02
   9.8997996e-12   1.2824360e+03   5.0413626e+02
   9.9398798e-12   1.2730642e+03   5.0444211e+02
   9.9799599e-12   1.2637465e+03   5.0474450e+02
   1.0020040e-11   1.2544830e+03   5.0504344e+02
   1.0060120e-11   1.2452737e+03   5.0533892e+02
   1.0100200e-11   1.2361186e+03   5.0563094e+02
   1.0140281e-11   1.2270176e+03   5.0591951e+02
   1.0180361e-11   1.2179708e+03   5.0620461e+02
   1.0220441e-11   1.2089781e+03   5.0648626e+02
   1.0260521e-11   1.2000397e+03   5.0676446e+02
   1.0300601e-11   1.1911554e+03   5.0703919e+02
   1.0340681e-11   1.1823253e+03   5.0731047e+02
   1.0380762e-11   1.1735493e+03   5.0757829e+02
   1.0420842e-11   1.1648275e+03   5.0784266e+02
   1.0460922e-11   1.1561599e+03   5.0810357e+02
   1.0501002e-11   1.1475464e+03   5.0836102e+02
   1.0541082e-11   1.1389872e+03   5.0861501e+02
   1.0581162e-11   1.1304820e+03   5.0886555e+02
   1.0621242e-11   1.1220311e+03   5.0911262e+02
   1.0661323e-11   1.1136343e+03   5.0935625e+02
   1.0701403e-11   1.1052917e+03   5.0959641e+02
   1.0741483e-11   1.0970033e+03   5.0983312e+02
   1.0781563e-11   1.0887691e+03   5.1006637e+02
   1.0821643e-11   1.0805890e+03   5.1029616e+02
   1.0861723e-11   1.0724631e+03   5.1052250e+02
   1.0901804e-11   1.0643913e+03   5.1074538e+02
   1.0941884e-11   1.0563737e+03   5.1096480e+02
   1.0981964e-11   1.0484103e+03   5.1118076e+02
   1.1022044e-11   1.0405011e+03   5.1139327e+02
   1.1062124e-11   1.0326460e+03   5.1160232e+02
   1.1102204e-11   1.0248451e+03   5.1180791e+02
   1.1142285e-11   1.0170984e+03   5.1201005e+02
   1.1182365e-11   1.0094058e+03   5.1220872e+02
   1.1222445e-11   1.0017675e+03   5.1240395e+02
   1.1262525e-11   9.9416862e+02   5.1259437e+02
   1.1302605e-11   9.8663130e+02   5.1278166e+02
   1.1342685e-11   9.7916192e+02   5.1296635e+02
   1.1382766e-11   9.7176049e+02   5.1314845e+02
   1.1422846e-11   9.6442701e+02   5.1332795e+02
   1.1462926e-11   9.5716148e+02   5.1350486e+02
   1.1503006e-11   9.4996391e+02   5.1367917e+02
   1.1543086e-11   9.4283428e+02   5.1385089e+02
   1.1583166e-11   9.3577261e+02   5.1402002e+02
   1.1623246e-11   9.2877888e+02   5.1418655e+02
   1.1663327e-11   9.2185311e+02   5.1435048e+02
   1.1703407e-11   9.1499529e+02   5.1451183e+02
   1.1743487e-11   9.0820541e+02   5.1467057e+02
   1.1783567e-11   9.0148349e+02   5.1482672e+02
   1.1823647e-11   8.9482952e+02   5.1498028e+02
   1.1863727e-11   8.8824350e+02   5.1513125e+02
   1.1903808e-11   8.8172543e+02   5.1527961e+02
   1.1943888e-11   8.7527531e+02   5.1542539e+02
   1.1983968e-11   8.6889314e+02   5.1556857e+02
   1.2024048e-11   8.6257892e+02   5.1570915e+02
   1.2064128e-11   8.5633266e+02   5.1584714e+02
   1.2104208e-11   8.5015434e+02   5.1598254e+02
   1.2144289e-11   8.4404397e+02   5.1611534e+02
   1.2184369e-11   8.3800156e+02   5.1624554e+02
   1.2224449e-11   8.3202709e+02   5.1637316e+02
   1.2264529e-11   8.2612058e+02   5.1649817e+02
   1.2304609e-11   8.2028201e+02   5.1662060e+02
   1.2344689e-11   8.1451140e+02   5.1674042e+02
   1.2384770e-11   8.0880874e+02   5.1685766e+02
   1.2424850e-11   8.0317403e+02   5.1697230e+02
   1.2464930e-11   7.9762426e+02   5.1708285e+02
   1.2505010e-11   7.9214487e+02   5.1719133e+02
   1.2545090e-11   7.8673300e+02   5.1729804e+02
   1.2585170e-11   7.8138865e+02   5.1740298e+02
   1.2625251e-11   7.7611181e+02   5.1750615e+02
   1.2665331e-11   7.7090248e+02   5.1760756e+02
   1.2705411e-11   7.6576066e+02   5.1770720e+02
   1.2745491e-11   7.6068636e+02   5.1780507e+02
   1.2785571e-11   7.5567958e+02   5.1790117e+02
   1.2825651e-11   7.5074031e+02   5.1799550e+02
   1.2865731e-11   7.4586855e+02   5.1808807e+02
   1.2905812e-11   7.4106431e+02   5.1817887e+02
   1.2945892e-11   7.3632758e+02   5.1826790e+02
   1.2985972e-11   7.3165836e+02   5.1835516e+02
   1.3026052e-11   7.2705666e+02   5.1844066e+02
   1.3066132e-11   7.2252248e+02   5.1852439e+02
   1.3106212e-11   7.1805580e+02   5.1860635e+02
   1.3146293e-11   7.1365665e+02   5.1868654e+02
   1.3186373e-11   7.0932500e+02   5.1876496e+02
   1.3226453e-11   7.0506087e+02   5.1884162e+02
   1.3266533e-11   7.0086426e+02   5.1891650e+02
   1.3306613e-11   6.9673516e+02   5.1898962e+02
   1.3346693e-11   6.9267357e+02   5.1906098e+02
   1.3386774e-11   6.8867950e+02   5.1913056e+02
   1.3426854e-11   6.8475294e+02   5.1919838e+02
   1.3466934e-11   6.8089389e+02   5.1926443e+02
   1.3507014e-11   6.7710236e+02   5.1932871e+02
   1.3547094e-11   6.7337835e+02   5.1939122e+02
   1.3587174e-11   6.6972184e+02   5.1945196e+02
   1.3627255e-11   6.6613286e+02   5.1951094e+02
   1.3667335e-11   6.6265053e+02   5.1956691e+02
   1.3707415e-11   6.5922346e+02   5.1962177e+02
   1.3747495e-11   6.5584971e+02   5.1967560e+02
   1.3787575e-11   6.5252927e+02   5.1972840e+02
   1.3827655e-11   6.4926215e+02   5.1978016e+02
   1.3867735e-11   6.4604834e+02   5.1983089e+02
   1.3907816e-11   6.4288785e+02   5.1988058e+02
   1.3947896e-11   6.3978067e+02   5.1992924e+02
   1.3987976e-11   6.3672680e+02   5.1997687e+02
   1.4028056e-11   6.3372625e+02   5.2002346e+02
   1.4068136e-11   6.3077901e+02   5.2006902e+02
   1.4108216e-11   6.2788509e+02   5.2011354e+02
   1.4148297e-11   6.2504448e+02   5.2015703e+02
   1.4188377e-11   6.2225719e+02   5.2019949e+02
   1.4228457e-11   6.1952321e+02   5.2024091e+02
   1.4268537e-11   6.1684254e+02   5.2028129e+02
   1.4308617e-11   6.1421519e+02   5.2032065e+02
   1.4348697e-11   6.1164115e+02   5.2035897e+02
   1.4388778e-11   6.0912043e+02   5.2039625e+02
   1.4428858e-11   6.0665302e+02   5.2043250e+02
   1.4468938e-11   6.0423892e+02   5.2046772e+02
   1.4509018e-11   6.0187814e+02   5.2050190e+02
   1.4549098e-11   5.9957068e+02   5.2053505e+02
   1.4589178e-11   5.9731652e+02   5.2056716e+02
   1.4629259e-11   5.9511569e+02   5.2059824e+02
   1.4669339e-11   5.9296816e+02   5.2062829e+02
   1.4709419e-11   5.9087395e+02   5.2065730e+02
   1.4749499e-11   5.8883306e+02   5.2068528e+02
   1.4789579e-11   5.8684548e+02   5.2071222e+02
   1.4829659e-11   5.8491273e+02   5.2073810e+02
   1.4869739e-11   5.8304663e+02   5.2076265e+02
   1.4909820e-11   5.8121555e+02   5.2078663e+02
   1.4949900e-11   5.7941947e+02   5.2081003e+02
   1.4989980e-11   5.7765841e+02   5.2083286e+02
   1.5030060e-11   5.7593236e+02   5.2085510e+02
   1.5070140e-11   5.7424132e+02   5.2087677e+02
   1.5110220e-11   5.7258529e+02   5.2089786e+02
   1.5150301e-11   5.7096427e+02   5.2091838e+02
   1.5190381e-11   5.6937826e+02   5.2093832e+02
   1.5230461e-11   5.6782726e+02   5.2095768e+02
   1.5270541e-11   5.6631128e+02   5.2097646e+02
   1.5310621e-11   5.6483030e+02   5.2099467e+02
   1.5350701e-11   5.6338434e+02   5.2101230e+02
   1.5390782e-11   5.6197339e+02   5.2102935e+02
   1.5430862e-11   5.6059745e+02   5.2104582e+02
   1.5470942e-11   5.5925652e+02   5.2106172e+02
   1.5511022e-11   5.5795060e+02   5.2107704e+02
   1.5551102e-11   5.5667969e+02   5.2109178e+02
   1.5591182e-11   5.5544380e+02   5.2110594e+02
   1.5631263e-11   5.5424291e+02   5.2111953e+02
   1.5671343e-11   5.5307704e+02   5.2113254e+02
   1.5711423e-11   5.5195002e+02   5.2114490e+02
   1.5751503e-11   5.5086327e+02   5.2115658e+02
   1.5791583e-11   5.4979821e+02   5.2116793e+02
   1.5831663e-11   5.4875486e+02   5.2117894e+02
   1.5871743e-11   5.4773320e+02   5.2118963e+02
   1.5911824e-11   5.4673324e+02   5.2119998e+02
   1.5951904e-11   5.4575499e+02   5.2121001e+02
   1.5991984e-11   5.4479843e+02   5.2121970e+02
   1.6032064e-11   5.4386357e+02   5.2122907e+02
   1.6072144e-11   5.4295040e+02   5.2123810e+02
   1.6112224e-11   5.4205894e+02   5.2124681e+02
   1.6152305e-11   5.4118918e+02   5.2125518e+02
   1.6192385e-11   5.4034111e+02   5.2126322e+02
   1.6232465e-11   5.3951474e+02   5.2127093e+02
   1.6272545e-11   5.3871008e+02   5.2127832e+02
   1.6312625e-11   5.3792711e+02   5.2128537e+02
   1.6352705e-11   5.3716584e+02   5.2129209e+02
   1.6392786e-11   5.3642626e+02   5.2129848e+02
   1.6432866e-11   5.3570839e+02   5.2130454e+02
   1.6472946e-11   5.3501222e+02   5.2131027e+02
   1.6513026e-11   5.3433774e+02   5.2131567e+02
   1.6553106e-11   5.3368497e+02   5.2132074e+02
   1.6593186e-11   5.3305773e+02   5.2132541e+02
   1.6633267e-11   5.3245196e+02   5.2132974e+02
   1.6673347e-11   5.3185864e+02   5.2133389e+02
   1.6713427e-11   5.3127777e+02   5.2133786e+02
   1.6753507e-11   5.3070935e+02   5.2134165e+02
   1.6793587e-11   5.3015338e+02   5.2134525e+02
   1.6833667e-11   5.2960985e+02   5.2134867e+02
   1.6873747e-11   5.2907878e+02   5.2135191e+02
   1.6913828e-11   5.2856015e+02   5.2135497e+02
   1.6953908e-11   5.2805398e+02   5.2135784e+02
   1.6993988e-11   5.2756025e+02   5.2136053e+02
   1.7034068e-11   5.2707898e+02   5.2136304e+02
   1.7074148e-11   5.2661015e+02   5.2136537e+02
   1.7114228e-11   5.2615377e+02   5.2136751e+02
   1.7154309e-11   5.2570985e+02   5.2136947e+02
   1.7194389e-11   5.2527837e+02   5.2137125e+02
   1.7234469e-11   5.2485934e+02   5.2137284e+02
   1.7274549e-11   5.2445276e+02   5.2137426e+02
   1.7314629e-11   5.2405863e+02   5.2137549e+02
   1.7354709e-11   5.2367695e+02   5.2137653e+02
   1.7394790e-11   5.2330771e+02   5.2137740e+02
   1.7434870e-11   5.2295093e+02   5.2137808e+02
   1.7474950e-11   5.2260945e+02   5.2137853e+02
   1.7515030e-11   5.2227845e+02   5.2137883e+02
   1.7555110e-11   5.2195426e+02   5.2137902e+02
   1.7595190e-11   5.2163689e+02   5.2137911e+02
   1.7635271e-11   5.2132634e+02   5.2137911e+02
   1.7675351e-11   5.2102260e+02   5.2137900e+02
   1.7715431e-11   5.2072568e+02   5.2137880e+02
   1.7755511e-11   5.2043557e+02   5.2137849e+02
   1.7795591e-11   5.2015228e+02   5.2137809e+02
   1.7835671e-11   5.1987581e+02   5.2137759e+02
   1.7875752e-11   5.1960616e+02   5.2137698e+02
   1.7915832e-11   5.1934332e+02   5.2137628e+02
   1.7955912e-11   5.1908729e+02   5.2137548e+02
   1.7995992e-11   5.1883809e+02   5.2137458e+02
   1.8036072e-11   5.1859570e+02   5.2137358e+02
   1.8076152e-11   5.1836013e+02   5.2137248e+02
   1.8116232e-11   5.1813137e+02   5.2137128e+02
   1.8156313e-11   5.1790943e+02   5.2136998e+02
   1.8196393e-11   5.1769431e+02   5.2136859e+02
   1.8236473e-11   5.1748600e+02   5.2136709e+02
   1.8276553e-11   5.1728451e+02   5.2136549e+02
   1.8316633e-11   5.1708984e+02   5.2136380e+02
   1.8356713e-11   5.1690541e+02   5.2136194e+02
   1.8396794e-11   5.1672619e+02   5.2136000e+02
   1.8436874e-11   5.1655022e+02   5.2135801e+02
   1.8476954e-11   5.1637751e+02   5.2135598e+02
   1.8517034e-11   5.1620805e+02   5.2135389e+02
   1.8557114e-11   5.1604185e+02   5.2135176e+02
   1.8597194e-11   5.1587890e+02   5.2134958e+02
   1.8637275e-11   5.1571920e+02   5.2134735e+02
   1.8677355e-11   5.1556276e+02   5.2134507e+02
   1.8717435e-11   5.1540957e+02   5.2134274e+02
   1.8757515e-11   5.1525964e+02   5.2134036e+02
   1.8797595e-11   5.1511296e+02   5.2133794e+02
   1.8837675e-11   5.1496953e+02   5.2133547e+02
   1.8877756e-11   5.1482936e+02   5.2133294e+02
   1.8917836e-11   5.1469244e+02   5.2133037e+02
   1.8957916e-11   5.1455878e+02   5.2132775e+02
   1.8997996e-11   5.1442837e+02   5.2132509e+02
   1.9038076e-11   5.1430121e+02   5.2132237e+02
   1.9078156e-11   5.1417731e+02   5.2131960e+02
   1.9118236e-11   5.1405666e+02   5.2131679e+02
   1.9158317e-11   5.1393927e+02   5.2131393e+02
   1.9198397e-11   5.1382513e+02   5.2131102e+02
   1.9238477e-11   5.1371424e+02   5.2130806e+02
   1.9278557e-11   5.1360661e+02   5.2130505e+02
   1.9318637e-11   5.1350224e+02   5.2130199e+02
   1.9358717e-11   5.1340111e+02   5.2129889e+02
   1.9398798e-11   5.1330324e+02   5.2129573e+02
   1.9438878e-11   5.1320863e+02   5.2129253e+02
   1.9478958e-11   5.1311727e+02   5.2128928e+02
   1.9519038e-11   5.1302916e+02   5.2128598e+02
   1.9559118e-11   5.1294432e+02   5.2128263e+02
   1.9599198e-11   5.1286226e+02   5.2127924e+02
   1.9639279e-11   5.1278187e+02   5.2127582e+02
   1.9679359e-11   5.1270313e+02   5.2127237e+02
   1.9719439e-11   5.1262605e+02   5.2126890e+02
   1.9759519e-11   5.1255063e+02   5.2126539e+02
   1.9799599e-11   5.1247686e+02   5.2126186e+02
   1.9839679e-11   5.1240476e+02   5.2125831e+02
   1.9879760e-11   5.1233432e+02   5.2125472e+02
   1.9919840e-11   5.1226553e+02   5.2125111e+02
   1.9959920e-11   5.1219841e+02   5.2124747e+02
   2.0000000e-11   5.1213294e+02   5.2124380e+02
