   0.0000000e+00   1.4551915e-11
   4.0080160e-14   6.2998381e-10
   8.0160321e-14   2.0038977e-08
   1.2024048e-13   4.6833716e-07
   1.6032064e-13   8.0422692e-06
   2.0040080e-13   1.0146950e-04
   2.4048096e-13   9.4065278e-04
   2.8056112e-13   6.4070792e-03
   3.2064128e-13   3.2064743e-02
   3.6072144e-13   1.1790503e-01
   4.0080160e-13   3.1854724e-01
   4.4088176e-13   6.3234236e-01
   4.8096192e-13   9.2229025e-01
   5.2104208e-13   9.8837074e-01
   5.6112224e-13   7.7823196e-01
   6.0120240e-13   4.5023076e-01
   6.4128257e-13   1.9138072e-01
   6.8136273e-13   5.9772045e-02
   7.2144289e-13   1.3716237e-02
   7.6152305e-13   2.3126438e-03
   8.0160321e-13   2.8649658e-04
   8.4168337e-13   2.6077566e-05
   8.8176353e-13   1.7440205e-06
   9.2184369e-13   8.5698464e-08
   9.6192385e-13   3.0940791e-09
   1.0020040e-12   8.2077987e-11
   1.0420842e-12   1.5997750e-12
   1.0821643e-12   2.2910155e-14
   1.1222445e-12   2.4106496e-16
   1.1623246e-12   1.8637045e-18
   1.2024048e-12   1.0586610e-20
   1.2424850e-12   4.4184885e-23
   1.2825651e-12   1.3549631e-25
   1.3226453e-12   3.0529388e-28
   1.3627255e-12   5.0541212e-31
   1.4028056e-12   6.1476641e-34
   1.4428858e-12   5.4942894e-37
   1.4829659e-12   3.6078614e-40
   1.5230461e-12   1.7407046e-43
   1.5631263e-12   6.1707399e-47
   1.6032064e-12   1.6072606e-50
   1.6432866e-12   3.0759007e-54
   1.6833667e-12   4.3250907e-58
   1.7234469e-12   4.4684309e-62
   1.7635271e-12   3.3919684e-66
   1.8036072e-12   1.8918446e-70
   1.8436874e-12   7.7527548e-75
   1.8837675e-12   2.3343370e-79
   1.9238477e-12   5.1642586e-84
   1.9639279e-12   8.3943936e-89
   2.0040080e-12   1.0025536e-93
   2.0440882e-12   8.7975708e-99
   2.0841683e-12  5.6722436e-104
   2.1242485e-12  2.6871004e-109
   2.1643287e-12  9.3529763e-115
   2.2044088e-12  2.3919533e-120
   2.2444890e-12  4.4946147e-126
   2.2845691e-12  6.2053912e-132
   2.3246493e-12  6.2948122e-138
   2.3647295e-12  4.6917332e-144
   2.4048096e-12  2.5693352e-150
   2.4448898e-12  1.0338205e-156
   2.4849699e-12  3.0563735e-163
   2.5250501e-12  6.6390301e-170
   2.5651303e-12  1.0595947e-176
   2.6052104e-12  1.2425441e-183
   2.6452906e-12  1.0705841e-190
   2.6853707e-12  6.7774553e-198
   2.7254509e-12  3.1524592e-205
   2.7655311e-12  1.0773807e-212
   2.8056112e-12  2.7053648e-220
   2.8456914e-12  4.9913658e-228
   2.8857715e-12  6.7662786e-236
   2.9258517e-12  6.7393386e-244
   2.9659319e-12  4.9319833e-252
   3.0060120e-12  2.6519347e-260
   3.0460922e-12  1.0477098e-268
   3.0861723e-12  3.0412776e-277
   3.1262525e-12  6.4864647e-286
   3.1663327e-12  1.0164756e-294
   3.2064128e-12  1.1703690e-303
   3.2464930e-12  9.9011480e-313
   3.2865731e-12  6.1264140e-322
   3.3266533e-12   0.0000000e+00
   3.3667335e-12   0.0000000e+00
   3.4068136e-12   0.0000000e+00
   3.4468938e-12   0.0000000e+00
   3.4869739e-12   0.0000000e+00
   3.5270541e-12   0.0000000e+00
   3.5671343e-12   0.0000000e+00
   3.6072144e-12   0.0000000e+00
   3.6472946e-12   0.0000000e+00
   3.6873747e-12   0.0000000e+00
   3.7274549e-12   0.0000000e+00
   3.7675351e-12   0.0000000e+00
   3.8076152e-12   0.0000000e+00
   3.8476954e-12   0.0000000e+00
   3.8877756e-12   0.0000000e+00
   3.9278557e-12   0.0000000e+00
   3.9679359e-12   0.0000000e+00
   4.0080160e-12   0.0000000e+00
   4.0480962e-12   0.0000000e+00
   4.0881764e-12   0.0000000e+00
   4.1282565e-12   0.0000000e+00
   4.1683367e-12   0.0000000e+00
   4.2084168e-12   0.0000000e+00
   4.2484970e-12   0.0000000e+00
   4.2885772e-12   0.0000000e+00
   4.3286573e-12   0.0000000e+00
   4.3687375e-12   0.0000000e+00
   4.4088176e-12   0.0000000e+00
   4.4488978e-12   0.0000000e+00
   4.4889780e-12   0.0000000e+00
   4.5290581e-12   0.0000000e+00
   4.5691383e-12   0.0000000e+00
   4.6092184e-12   0.0000000e+00
   4.6492986e-12   0.0000000e+00
   4.6893788e-12   0.0000000e+00
   4.7294589e-12   0.0000000e+00
   4.7695391e-12   0.0000000e+00
   4.8096192e-12   0.0000000e+00
   4.8496994e-12   0.0000000e+00
   4.8897796e-12   0.0000000e+00
   4.9298597e-12   0.0000000e+00
   4.9699399e-12   0.0000000e+00
   5.0100200e-12   0.0000000e+00
   5.0501002e-12   0.0000000e+00
   5.0901804e-12   0.0000000e+00
   5.1302605e-12   0.0000000e+00
   5.1703407e-12   0.0000000e+00
   5.2104208e-12   0.0000000e+00
   5.2505010e-12   0.0000000e+00
   5.2905812e-12   0.0000000e+00
   5.3306613e-12   0.0000000e+00
   5.3707415e-12   0.0000000e+00
   5.4108216e-12   0.0000000e+00
   5.4509018e-12   0.0000000e+00
   5.4909820e-12   0.0000000e+00
   5.5310621e-12   0.0000000e+00
   5.5711423e-12   0.0000000e+00
   5.6112224e-12   0.0000000e+00
   5.6513026e-12   0.0000000e+00
   5.6913828e-12   0.0000000e+00
   5.7314629e-12   0.0000000e+00
   5.7715431e-12   0.0000000e+00
   5.8116232e-12   0.0000000e+00
   5.8517034e-12   0.0000000e+00
   5.8917836e-12   0.0000000e+00
   5.9318637e-12   0.0000000e+00
   5.9719439e-12   0.0000000e+00
   6.0120240e-12   0.0000000e+00
   6.0521042e-12   0.0000000e+00
   6.0921844e-12   0.0000000e+00
   6.1322645e-12   0.0000000e+00
   6.1723447e-12   0.0000000e+00
   6.2124248e-12   0.0000000e+00
   6.2525050e-12   0.0000000e+00
   6.2925852e-12   0.0000000e+00
   6.3326653e-12   0.0000000e+00
   6.3727455e-12   0.0000000e+00
   6.4128257e-12   0.0000000e+00
   6.4529058e-12   0.0000000e+00
   6.4929860e-12   0.0000000e+00
   6.5330661e-12   0.0000000e+00
   6.5731463e-12   0.0000000e+00
   6.6132265e-12   0.0000000e+00
   6.6533066e-12   0.0000000e+00
   6.6933868e-12   0.0000000e+00
   6.7334669e-12   0.0000000e+00
   6.7735471e-12   0.0000000e+00
   6.8136273e-12   0.0000000e+00
   6.8537074e-12   0.0000000e+00
   6.8937876e-12   0.0000000e+00
   6.9338677e-12   0.0000000e+00
   6.9739479e-12   0.0000000e+00
   7.0140281e-12   0.0000000e+00
   7.0541082e-12   0.0000000e+00
   7.0941884e-12   0.0000000e+00
   7.1342685e-12   0.0000000e+00
   7.1743487e-12   0.0000000e+00
   7.2144289e-12   0.0000000e+00
   7.2545090e-12   0.0000000e+00
   7.2945892e-12   0.0000000e+00
   7.3346693e-12   0.0000000e+00
   7.3747495e-12   0.0000000e+00
   7.4148297e-12   0.0000000e+00
   7.4549098e-12   0.0000000e+00
   7.4949900e-12   0.0000000e+00
   7.5350701e-12   0.0000000e+00
   7.5751503e-12   0.0000000e+00
   7.6152305e-12   0.0000000e+00
   7.6553106e-12   0.0000000e+00
   7.6953908e-12   0.0000000e+00
   7.7354709e-12   0.0000000e+00
   7.7755511e-12   0.0000000e+00
   7.8156313e-12   0.0000000e+00
   7.8557114e-12   0.0000000e+00
   7.8957916e-12   0.0000000e+00
   7.9358717e-12   0.0000000e+00
   7.9759519e-12   0.0000000e+00
   8.0160321e-12   0.0000000e+00
   8.0561122e-12   0.0000000e+00
   8.0961924e-12   0.0000000e+00
   8.1362725e-12   0.0000000e+00
   8.1763527e-12   0.0000000e+00
   8.2164329e-12   0.0000000e+00
   8.2565130e-12   0.0000000e+00
   8.2965932e-12   0.0000000e+00
   8.3366733e-12   0.0000000e+00
   8.3767535e-12   0.0000000e+00
   8.4168337e-12   0.0000000e+00
   8.4569138e-12   0.0000000e+00
   8.4969940e-12   0.0000000e+00
   8.5370741e-12   0.0000000e+00
   8.5771543e-12   0.0000000e+00
   8.6172345e-12   0.0000000e+00
   8.6573146e-12   0.0000000e+00
   8.6973948e-12   0.0000000e+00
   8.7374749e-12   0.0000000e+00
   8.7775551e-12   0.0000000e+00
   8.8176353e-12   0.0000000e+00
   8.8577154e-12   0.0000000e+00
   8.8977956e-12   0.0000000e+00
   8.9378758e-12   0.0000000e+00
   8.9779559e-12   0.0000000e+00
   9.0180361e-12   0.0000000e+00
   9.0581162e-12   0.0000000e+00
   9.0981964e-12   0.0000000e+00
   9.1382766e-12   0.0000000e+00
   9.1783567e-12   0.0000000e+00
   9.2184369e-12   0.0000000e+00
   9.2585170e-12   0.0000000e+00
   9.2985972e-12   0.0000000e+00
   9.3386774e-12   0.0000000e+00
   9.3787575e-12   0.0000000e+00
   9.4188377e-12   0.0000000e+00
   9.4589178e-12   0.0000000e+00
   9.4989980e-12   0.0000000e+00
   9.5390782e-12   0.0000000e+00
   9.5791583e-12   0.0000000e+00
   9.6192385e-12   0.0000000e+00
   9.6593186e-12   0.0000000e+00
   9.6993988e-12   0.0000000e+00
   9.7394790e-12   0.0000000e+00
   9.7795591e-12   0.0000000e+00
   9.8196393e-12   0.0000000e+00
   9.8597194e-12   0.0000000e+00
   9.8997996e-12   0.0000000e+00
   9.9398798e-12   0.0000000e+00
   9.9799599e-12   0.0000000e+00
   1.0020040e-11   0.0000000e+00
   1.0060120e-11   0.0000000e+00
   1.0100200e-11   0.0000000e+00
   1.0140281e-11   0.0000000e+00
   1.0180361e-11   0.0000000e+00
   1.0220441e-11   0.0000000e+00
   1.0260521e-11   0.0000000e+00
   1.0300601e-11   0.0000000e+00
   1.0340681e-11   0.0000000e+00
   1.0380762e-11   0.0000000e+00
   1.0420842e-11   0.0000000e+00
   1.0460922e-11   0.0000000e+00
   1.0501002e-11   0.0000000e+00
   1.0541082e-11   0.0000000e+00
   1.0581162e-11   0.0000000e+00
   1.0621242e-11   0.0000000e+00
   1.0661323e-11   0.0000000e+00
   1.0701403e-11   0.0000000e+00
   1.0741483e-11   0.0000000e+00
   1.0781563e-11   0.0000000e+00
   1.0821643e-11   0.0000000e+00
   1.0861723e-11   0.0000000e+00
   1.0901804e-11   0.0000000e+00
   1.0941884e-11   0.0000000e+00
   1.0981964e-11   0.0000000e+00
   1.1022044e-11   0.0000000e+00
   1.1062124e-11   0.0000000e+00
   1.1102204e-11   0.0000000e+00
   1.1142285e-11   0.0000000e+00
   1.1182365e-11   0.0000000e+00
   1.1222445e-11   0.0000000e+00
   1.1262525e-11   0.0000000e+00
   1.1302605e-11   0.0000000e+00
   1.1342685e-11   0.0000000e+00
   1.1382766e-11   0.0000000e+00
   1.1422846e-11   0.0000000e+00
   1.1462926e-11   0.0000000e+00
   1.1503006e-11   0.0000000e+00
   1.1543086e-11   0.0000000e+00
   1.1583166e-11   0.0000000e+00
   1.1623246e-11   0.0000000e+00
   1.1663327e-11   0.0000000e+00
   1.1703407e-11   0.0000000e+00
   1.1743487e-11   0.0000000e+00
   1.1783567e-11   0.0000000e+00
   1.1823647e-11   0.0000000e+00
   1.1863727e-11   0.0000000e+00
   1.1903808e-11   0.0000000e+00
   1.1943888e-11   0.0000000e+00
   1.1983968e-11   0.0000000e+00
   1.2024048e-11   0.0000000e+00
   1.2064128e-11   0.0000000e+00
   1.2104208e-11   0.0000000e+00
   1.2144289e-11   0.0000000e+00
   1.2184369e-11   0.0000000e+00
   1.2224449e-11   0.0000000e+00
   1.2264529e-11   0.0000000e+00
   1.2304609e-11   0.0000000e+00
   1.2344689e-11   0.0000000e+00
   1.2384770e-11   0.0000000e+00
   1.2424850e-11   0.0000000e+00
   1.2464930e-11   0.0000000e+00
   1.2505010e-11   0.0000000e+00
   1.2545090e-11   0.0000000e+00
   1.2585170e-11   0.0000000e+00
   1.2625251e-11   0.0000000e+00
   1.2665331e-11   0.0000000e+00
   1.2705411e-11   0.0000000e+00
   1.2745491e-11   0.0000000e+00
   1.2785571e-11   0.0000000e+00
   1.2825651e-11   0.0000000e+00
   1.2865731e-11   0.0000000e+00
   1.2905812e-11   0.0000000e+00
   1.2945892e-11   0.0000000e+00
   1.2985972e-11   0.0000000e+00
   1.3026052e-11   0.0000000e+00
   1.3066132e-11   0.0000000e+00
   1.3106212e-11   0.0000000e+00
   1.3146293e-11   0.0000000e+00
   1.3186373e-11   0.0000000e+00
   1.3226453e-11   0.0000000e+00
   1.3266533e-11   0.0000000e+00
   1.3306613e-11   0.0000000e+00
   1.3346693e-11   0.0000000e+00
   1.3386774e-11   0.0000000e+00
   1.3426854e-11   0.0000000e+00
   1.3466934e-11   0.0000000e+00
   1.3507014e-11   0.0000000e+00
   1.3547094e-11   0.0000000e+00
   1.3587174e-11   0.0000000e+00
   1.3627255e-11   0.0000000e+00
   1.3667335e-11   0.0000000e+00
   1.3707415e-11   0.0000000e+00
   1.3747495e-11   0.0000000e+00
   1.3787575e-11   0.0000000e+00
   1.3827655e-11   0.0000000e+00
   1.3867735e-11   0.0000000e+00
   1.3907816e-11   0.0000000e+00
   1.3947896e-11   0.0000000e+00
   1.3987976e-11   0.0000000e+00
   1.4028056e-11   0.0000000e+00
   1.4068136e-11   0.0000000e+00
   1.4108216e-11   0.0000000e+00
   1.4148297e-11   0.0000000e+00
   1.4188377e-11   0.0000000e+00
   1.4228457e-11   0.0000000e+00
   1.4268537e-11   0.0000000e+00
   1.4308617e-11   0.0000000e+00
   1.4348697e-11   0.0000000e+00
   1.4388778e-11   0.0000000e+00
   1.4428858e-11   0.0000000e+00
   1.4468938e-11   0.0000000e+00
   1.4509018e-11   0.0000000e+00
   1.4549098e-11   0.0000000e+00
   1.4589178e-11   0.0000000e+00
   1.4629259e-11   0.0000000e+00
   1.4669339e-11   0.0000000e+00
   1.4709419e-11   0.0000000e+00
   1.4749499e-11   0.0000000e+00
   1.4789579e-11   0.0000000e+00
   1.4829659e-11   0.0000000e+00
   1.4869739e-11   0.0000000e+00
   1.4909820e-11   0.0000000e+00
   1.4949900e-11   0.0000000e+00
   1.4989980e-11   0.0000000e+00
   1.5030060e-11   0.0000000e+00
   1.5070140e-11   0.0000000e+00
   1.5110220e-11   0.0000000e+00
   1.5150301e-11   0.0000000e+00
   1.5190381e-11   0.0000000e+00
   1.5230461e-11   0.0000000e+00
   1.5270541e-11   0.0000000e+00
   1.5310621e-11   0.0000000e+00
   1.5350701e-11   0.0000000e+00
   1.5390782e-11   0.0000000e+00
   1.5430862e-11   0.0000000e+00
   1.5470942e-11   0.0000000e+00
   1.5511022e-11   0.0000000e+00
   1.5551102e-11   0.0000000e+00
   1.5591182e-11   0.0000000e+00
   1.5631263e-11   0.0000000e+00
   1.5671343e-11   0.0000000e+00
   1.5711423e-11   0.0000000e+00
   1.5751503e-11   0.0000000e+00
   1.5791583e-11   0.0000000e+00
   1.5831663e-11   0.0000000e+00
   1.5871743e-11   0.0000000e+00
   1.5911824e-11   0.0000000e+00
   1.5951904e-11   0.0000000e+00
   1.5991984e-11   0.0000000e+00
   1.6032064e-11   0.0000000e+00
   1.6072144e-11   0.0000000e+00
   1.6112224e-11   0.0000000e+00
   1.6152305e-11   0.0000000e+00
   1.6192385e-11   0.0000000e+00
   1.6232465e-11   0.0000000e+00
   1.6272545e-11   0.0000000e+00
   1.6312625e-11   0.0000000e+00
   1.6352705e-11   0.0000000e+00
   1.6392786e-11   0.0000000e+00
   1.6432866e-11   0.0000000e+00
   1.6472946e-11   0.0000000e+00
   1.6513026e-11   0.0000000e+00
   1.6553106e-11   0.0000000e+00
   1.6593186e-11   0.0000000e+00
   1.6633267e-11   0.0000000e+00
   1.6673347e-11   0.0000000e+00
   1.6713427e-11   0.0000000e+00
   1.6753507e-11   0.0000000e+00
   1.6793587e-11   0.0000000e+00
   1.6833667e-11   0.0000000e+00
   1.6873747e-11   0.0000000e+00
   1.6913828e-11   0.0000000e+00
   1.6953908e-11   0.0000000e+00
   1.6993988e-11   0.0000000e+00
   1.7034068e-11   0.0000000e+00
   1.7074148e-11   0.0000000e+00
   1.7114228e-11   0.0000000e+00
   1.7154309e-11   0.0000000e+00
   1.7194389e-11   0.0000000e+00
   1.7234469e-11   0.0000000e+00
   1.7274549e-11   0.0000000e+00
   1.7314629e-11   0.0000000e+00
   1.7354709e-11   0.0000000e+00
   1.7394790e-11   0.0000000e+00
   1.7434870e-11   0.0000000e+00
   1.7474950e-11   0.0000000e+00
   1.7515030e-11   0.0000000e+00
   1.7555110e-11   0.0000000e+00
   1.7595190e-11   0.0000000e+00
   1.7635271e-11   0.0000000e+00
   1.7675351e-11   0.0000000e+00
   1.7715431e-11   0.0000000e+00
   1.7755511e-11   0.0000000e+00
   1.7795591e-11   0.0000000e+00
   1.7835671e-11   0.0000000e+00
   1.7875752e-11   0.0000000e+00
   1.7915832e-11   0.0000000e+00
   1.7955912e-11   0.0000000e+00
   1.7995992e-11   0.0000000e+00
   1.8036072e-11   0.0000000e+00
   1.8076152e-11   0.0000000e+00
   1.8116232e-11   0.0000000e+00
   1.8156313e-11   0.0000000e+00
   1.8196393e-11   0.0000000e+00
   1.8236473e-11   0.0000000e+00
   1.8276553e-11   0.0000000e+00
   1.8316633e-11   0.0000000e+00
   1.8356713e-11   0.0000000e+00
   1.8396794e-11   0.0000000e+00
   1.8436874e-11   0.0000000e+00
   1.8476954e-11   0.0000000e+00
   1.8517034e-11   0.0000000e+00
   1.8557114e-11   0.0000000e+00
   1.8597194e-11   0.0000000e+00
   1.8637275e-11   0.0000000e+00
   1.8677355e-11   0.0000000e+00
   1.8717435e-11   0.0000000e+00
   1.8757515e-11   0.0000000e+00
   1.8797595e-11   0.0000000e+00
   1.8837675e-11   0.0000000e+00
   1.8877756e-11   0.0000000e+00
   1.8917836e-11   0.0000000e+00
   1.8957916e-11   0.0000000e+00
   1.8997996e-11   0.0000000e+00
   1.9038076e-11   0.0000000e+00
   1.9078156e-11   0.0000000e+00
   1.9118236e-11   0.0000000e+00
   1.9158317e-11   0.0000000e+00
   1.9198397e-11   0.0000000e+00
   1.9238477e-11   0.0000000e+00
   1.9278557e-11   0.0000000e+00
   1.9318637e-11   0.0000000e+00
   1.9358717e-11   0.0000000e+00
   1.9398798e-11   0.0000000e+00
   1.9438878e-11   0.0000000e+00
   1.9478958e-11   0.0000000e+00
   1.9519038e-11   0.0000000e+00
   1.9559118e-11   0.0000000e+00
   1.9599198e-11   0.0000000e+00
   1.9639279e-11   0.0000000e+00
   1.9679359e-11   0.0000000e+00
   1.9719439e-11   0.0000000e+00
   1.9759519e-11   0.0000000e+00
   1.9799599e-11   0.0000000e+00
   1.9839679e-11   0.0000000e+00
   1.9879760e-11   0.0000000e+00
   1.9919840e-11   0.0000000e+00
   1.9959920e-11   0.0000000e+00
   2.0000000e-11   0.0000000e+00
