 2.999999933E-002 1.958000064E-001
 3.500000015E-002 2.282900065E-001
 3.999999911E-002 2.607499957E-001
 4.500000179E-002 2.931999862E-001
 5.000000075E-002 3.256503344E-001
 5.499999970E-002 3.580997288E-001
 5.999999866E-002 3.905454874E-001
 6.499999762E-002 4.229820371E-001
 7.000000030E-002 4.554004967E-001
 7.500000298E-002 4.877890050E-001
 7.999999821E-002 5.201332569E-001
 8.500000089E-002 5.524173975E-001
 9.000000358E-002 5.846251845E-001
 9.499999881E-002 6.167421341E-001
 1.000000015E-001 6.487558484E-001
 1.049999967E-001 6.806549430E-001
 1.099999994E-001 7.124287486E-001
 1.150000021E-001 7.440684438E-001
 1.199999973E-001 7.755674720E-001
 1.250000000E-001 8.069206476E-001
 1.299999952E-001 8.381219506E-001
 1.350000054E-001 8.691661358E-001
 1.400000006E-001 9.000509977E-001
 1.449999958E-001 9.307798147E-001
 1.500000060E-001 9.613593817E-001
 1.550000012E-001 9.917958379E-001
 1.599999964E-001 1.022094011E+000
 1.650000066E-001 1.052257538E+000
 1.700000018E-001 1.082289934E+000
 1.749999970E-001 1.112194538E+000
 1.800000072E-001 1.141974807E+000
 1.850000024E-001 1.171632290E+000
 1.899999976E-001 1.201169729E+000
 1.949999928E-001 1.230594039E+000
 2.000000030E-001 1.259918213E+000
 2.049999982E-001 1.289155483E+000
 2.099999934E-001 1.318315864E+000
 2.150000036E-001 1.347408175E+000
 2.199999988E-001 1.376443863E+000
 2.249999940E-001 1.405435681E+000
 2.300000042E-001 1.434393764E+000
 2.349999994E-001 1.463327885E+000
 2.399999946E-001 1.492249846E+000
 2.450000048E-001 1.521173000E+000
 2.500000000E-001 1.550106764E+000
 2.549999952E-001 1.579059243E+000
 2.599999905E-001 1.608047962E+000
 2.649999857E-001 1.637108684E+000
 2.700000107E-001 1.666288257E+000
 2.750000060E-001 1.695621610E+000
 2.800000012E-001 1.725119472E+000
 2.849999964E-001 1.754776239E+000
 2.899999917E-001 1.784594417E+000
 2.949999869E-001 1.814602852E+000
 3.000000119E-001 1.844854474E+000
 3.050000072E-001 1.875406981E+000
 3.100000024E-001 1.906307340E+000
 3.149999976E-001 1.937589169E+000
 3.199999928E-001 1.969282985E+000
 3.249999881E-001 2.001423120E+000
 3.300000131E-001 2.034046888E+000
 3.350000083E-001 2.067193508E+000
 3.400000036E-001 2.100905180E+000
 3.449999988E-001 2.135228634E+000
 3.499999940E-001 2.170217276E+000
 3.549999893E-001 2.205925941E+000
 3.600000143E-001 2.242403746E+000
 3.650000095E-001 2.279680967E+000
 3.700000048E-001 2.317775249E+000
 3.750000000E-001 2.356713057E+000
 3.799999952E-001 2.396548748E+000
 3.849999905E-001 2.437360287E+000
 3.899999857E-001 2.479224920E+000
 3.950000107E-001 2.522192240E+000
 4.000000060E-001 2.566287041E+000
 4.050000012E-001 2.611531734E+000
 4.099999964E-001 2.657962322E+000
 4.149999917E-001 2.705629110E+000
 4.199999869E-001 2.754583836E+000
 4.250000119E-001 2.804870367E+000
 4.300000072E-001 2.856521368E+000
 4.350000024E-001 2.909569263E+000
 4.399999976E-001 2.964047909E+000
 4.449999928E-001 3.019989252E+000
 4.499999881E-001 3.077419281E+000
 4.550000131E-001 3.136364222E+000
 4.600000083E-001 3.196852684E+000
 4.650000036E-001 3.258915186E+000
 4.699999988E-001 3.322571754E+000
 4.749999940E-001 3.387837648E+000
 4.799999893E-001 3.454736471E+000
 4.850000143E-001 3.523296833E+000
 4.900000095E-001 3.593532801E+000
 4.950000048E-001 3.665449142E+000
 5.000000000E-001 3.739060163E+000
 5.049999952E-001 3.814376593E+000
 5.099999905E-001 3.891370535E+000
 5.149999857E-001 3.969966412E+000
 5.199999809E-001 4.050098419E+000
 5.249999762E-001 4.131801605E+000
 5.299999714E-001 4.215212822E+000
 5.350000262E-001 4.300456524E+000
 5.400000215E-001 4.387518883E+000
 5.450000167E-001 4.476264954E+000
 5.500000119E-001 4.566542149E+000
 5.550000072E-001 4.658272266E+000
 5.600000024E-001 4.751458645E+000
 5.649999976E-001 4.846137524E+000
 5.699999928E-001 4.942323685E+000
 5.749999881E-001 5.040022373E+000
 5.799999833E-001 5.139273167E+000
 5.849999785E-001 5.240107059E+000
 5.899999738E-001 5.342419624E+000
 5.950000286E-001 5.445940495E+000
 6.000000238E-001 5.550415993E+000
 6.050000191E-001 5.655895233E+000
 6.100000143E-001 5.762768745E+000
 6.150000095E-001 5.871427059E+000
 6.200000048E-001 5.981802940E+000
 6.250000000E-001 6.093318939E+000
 6.299999952E-001 6.205389023E+000
 6.349999905E-001 6.317955017E+000
 6.399999857E-001 6.431443214E+000
 6.449999809E-001 6.546190739E+000
 6.499999762E-001 6.662009239E+000
 6.549999714E-001 6.778433323E+000
 6.600000262E-001 6.895336628E+000
 6.650000215E-001 7.013127804E+000
 6.700000167E-001 7.132304192E+000
 6.750000119E-001 7.252915382E+000
 6.800000072E-001 7.374511719E+000
 6.850000024E-001 7.496443748E+000
 6.899999976E-001 7.618182182E+000
 6.949999928E-001 7.739538670E+000
 6.999999881E-001 7.860745430E+000
 7.049999833E-001 7.982336521E+000
 7.099999785E-001 8.104834557E+000
 7.149999738E-001 8.228384972E+000
 7.200000286E-001 8.352609634E+000
 7.250000238E-001 8.476927757E+000
 7.300000191E-001 8.601081848E+000
 7.350000143E-001 8.725249290E+000
 7.400000095E-001 8.849775314E+000
 7.450000048E-001 8.974894524E+000
 7.500000000E-001 9.100516319E+000
 7.549999952E-001 9.226174355E+000
 7.599999905E-001 9.351376534E+000
 7.649999857E-001 9.475998878E+000
 7.699999809E-001 9.600296974E+000
 7.749999762E-001 9.724711418E+000
 7.799999714E-001 9.849559784E+000
 7.850000262E-001 9.974719048E+000
 7.900000215E-001 1.009964371E+001
 7.950000167E-001 1.022379780E+001
 8.000000119E-001 1.034702969E+001
 8.050000072E-001 1.046966934E+001
 8.100000024E-001 1.059226990E+001
 8.149999976E-001 1.071518517E+001
 8.199999928E-001 1.083836842E+001
 8.249999881E-001 1.096151638E+001
 8.299999833E-001 1.108436012E+001
 8.349999785E-001 1.120682430E+001
 8.399999738E-001 1.132888985E+001
 8.450000286E-001 1.145049763E+001
 8.500000238E-001 1.157160473E+001
 8.550000191E-001 1.169217396E+001
 8.600000143E-001 1.181215477E+001
 8.650000095E-001 1.193155670E+001
 8.700000048E-001 1.205040169E+001
 8.750000000E-001 1.216867065E+001
 8.799999952E-001 1.228636742E+001
 8.849999905E-001 1.240347672E+001
 8.899999857E-001 1.251993275E+001
 8.949999809E-001 1.263571262E+001
 8.999999762E-001 1.275081921E+001
 9.049999714E-001 1.286534882E+001
 9.100000262E-001 1.297970676E+001
 9.150000215E-001 1.309439945E+001
 9.200000167E-001 1.320947170E+001
 9.250000119E-001 1.332430077E+001
 9.300000072E-001 1.343797302E+001
 9.350000024E-001 1.354986858E+001
 9.399999976E-001 1.366017818E+001
 9.449999928E-001 1.376997852E+001
 9.499999881E-001 1.388064289E+001
 9.549999833E-001 1.399289227E+001
 9.599999785E-001 1.410613728E+001
 9.649999738E-001 1.421867657E+001
 9.700000286E-001 1.432881069E+001
 9.750000238E-001 1.443592358E+001
 9.800000191E-001 1.454073334E+001
 9.850000143E-001 1.464480495E+001
 9.900000095E-001 1.474975967E+001
 9.950000048E-001 1.485642147E+001
 1.000000000E+000 1.496421337E+001
 1.004999995E+000 1.507151604E+001
 1.009999990E+000 1.517714882E+001
 1.014999986E+000 1.528154182E+001
 1.019999981E+000 1.538601303E+001
 1.024999976E+000 1.549092102E+001
 1.029999971E+000 1.559512234E+001
 1.034999967E+000 1.569751072E+001
 1.039999962E+000 1.579854298E+001
 1.044999957E+000 1.589962673E+001
 1.049999952E+000 1.600114250E+001
 1.054999948E+000 1.610172844E+001
 1.059999943E+000 1.619971085E+001
 1.065000057E+000 1.629509926E+001
 1.070000052E+000 1.639001083E+001
 1.075000048E+000 1.648701477E+001
 1.080000043E+000 1.658680725E+001
 1.085000038E+000 1.668770790E+001
 1.090000033E+000 1.678748131E+001
 1.095000029E+000 1.688527679E+001
 1.100000024E+000 1.698172951E+001
 1.105000019E+000 1.707755280E+001
 1.110000014E+000 1.717272568E+001
 1.115000010E+000 1.726729393E+001
 1.120000005E+000 1.736212349E+001
 1.125000000E+000 1.745790482E+001
 1.129999995E+000 1.755369759E+001
 1.134999990E+000 1.764724731E+001
 1.139999986E+000 1.773749924E+001
 1.144999981E+000 1.782662582E+001
 1.149999976E+000 1.791843033E+001
 1.154999971E+000 1.801442719E+001
 1.159999967E+000 1.811204147E+001
 1.164999962E+000 1.820658302E+001
 1.169999957E+000 1.829489517E+001
 1.174999952E+000 1.837799454E+001
 1.179999948E+000 1.846057129E+001
 1.184999943E+000 1.854736137E+001
 1.190000057E+000 1.863945961E+001
 1.195000052E+000 1.873386383E+001
 1.200000048E+000 1.882637024E+001
 1.205000043E+000 1.891517067E+001
 1.210000038E+000 1.900204659E+001
 1.215000033E+000 1.909002686E+001
 1.220000029E+000 1.918004990E+001
 1.225000024E+000 1.927053261E+001
 1.230000019E+000 1.935984421E+001
 1.235000014E+000 1.944794083E+001
 1.240000010E+000 1.953524017E+001
 1.245000005E+000 1.962118530E+001
 1.250000000E+000 1.970472336E+001
 1.254999995E+000 1.978601265E+001
 1.259999990E+000 1.986710548E+001
 1.264999986E+000 1.995061493E+001
 1.269999981E+000 2.003760529E+001
 1.274999976E+000 2.012714005E+001
 1.279999971E+000 2.021766663E+001
 1.284999967E+000 2.030820084E+001
 1.289999962E+000 2.039814377E+001
 1.294999957E+000 2.048643303E+001
 1.299999952E+000 2.057137108E+001
 1.304999948E+000 2.065187645E+001
 1.309999943E+000 2.072904587E+001
 1.315000057E+000 2.080586433E+001
 1.320000052E+000 2.088524055E+001
 1.325000048E+000 2.096826172E+001
 1.330000043E+000 2.105371857E+001
 1.335000038E+000 2.113912201E+001
 1.340000033E+000 2.122254181E+001
 1.345000029E+000 2.130366135E+001
 1.350000024E+000 2.138361168E+001
 1.355000019E+000 2.146417809E+001
 1.360000014E+000 2.154655838E+001
 1.365000010E+000 2.163034630E+001
 1.370000005E+000 2.171380424E+001
 1.375000000E+000 2.179521751E+001
 1.379999995E+000 2.187447357E+001
 1.384999990E+000 2.195359230E+001
 1.389999986E+000 2.203519249E+001
 1.394999981E+000 2.211984825E+001
 1.399999976E+000 2.220523071E+001
 1.404999971E+000 2.228828621E+001
 1.409999967E+000 2.236792183E+001
 1.414999962E+000 2.244508171E+001
 1.419999957E+000 2.252120972E+001
 1.424999952E+000 2.259772491E+001
 1.429999948E+000 2.267600250E+001
 1.434999943E+000 2.275648499E+001
 1.440000057E+000 2.283814049E+001
 1.445000052E+000 2.291959000E+001
 1.450000048E+000 2.300053978E+001
 1.455000043E+000 2.308120155E+001
 1.460000038E+000 2.316050720E+001
 1.465000033E+000 2.323638725E+001
 1.470000029E+000 2.330906105E+001
 1.475000024E+000 2.338290596E+001
 1.480000019E+000 2.346284294E+001
 1.485000014E+000 2.354856300E+001
 1.490000010E+000 2.363405228E+001
 1.495000005E+000 2.371341515E+001
 1.500000000E+000 2.378664017E+001
 1.504999995E+000 2.385965538E+001
 1.509999990E+000 2.393848610E+001
 1.514999986E+000 2.402313042E+001
 1.519999981E+000 2.410753632E+001
 1.524999976E+000 2.418573952E+001
 1.529999971E+000 2.425776291E+001
 1.534999967E+000 2.432961655E+001
 1.539999962E+000 2.440738869E+001
 1.544999957E+000 2.449106979E+001
 1.549999952E+000 2.457450294E+001
 1.554999948E+000 2.465137291E+001
 1.559999943E+000 2.472087669E+001
 1.565000057E+000 2.478831673E+001
 1.570000052E+000 2.486082268E+001
 1.575000048E+000 2.494168282E+001
 1.580000043E+000 2.502767944E+001
 1.585000038E+000 2.511194611E+001
 1.590000033E+000 2.518993759E+001
 1.595000029E+000 2.526318932E+001
 1.600000024E+000 2.533708763E+001
 1.605000019E+000 2.541462326E+001
 1.610000014E+000 2.549319649E+001
 1.615000010E+000 2.556853104E+001
 1.620000005E+000 2.564062119E+001
 1.625000000E+000 2.571379471E+001
 1.629999995E+000 2.579098701E+001
 1.634999990E+000 2.587035561E+001
 1.639999986E+000 2.594836807E+001
 1.644999981E+000 2.602407646E+001
 1.649999976E+000 2.609881592E+001
 1.654999971E+000 2.617338371E+001
 1.659999967E+000 2.624750519E+001
 1.664999962E+000 2.632151222E+001
 1.669999957E+000 2.639682961E+001
 1.674999952E+000 2.647425461E+001
 1.679999948E+000 2.655253792E+001
 1.684999943E+000 2.662946892E+001
 1.690000057E+000 2.670425797E+001
 1.695000052E+000 2.677776718E+001
 1.700000048E+000 2.685085678E+001
 1.705000043E+000 2.692404938E+001
 1.710000038E+000 2.699835777E+001
 1.715000033E+000 2.707487488E+001
 1.720000029E+000 2.715363884E+001
 1.725000024E+000 2.723332024E+001
 1.730000019E+000 2.731187439E+001
 1.735000014E+000 2.738788986E+001
 1.740000010E+000 2.746152878E+001
 1.745000005E+000 2.753395462E+001
 1.750000000E+000 2.760623550E+001
 1.754999995E+000 2.767896461E+001
 1.759999990E+000 2.775210571E+001
 1.764999986E+000 2.782488823E+001
 1.769999981E+000 2.789652252E+001
 1.774999976E+000 2.796760750E+001
 1.779999971E+000 2.804018402E+001
 1.784999967E+000 2.811573792E+001
 1.789999962E+000 2.819350815E+001
 1.794999957E+000 2.827106285E+001
 1.799999952E+000 2.834629822E+001
 1.804999948E+000 2.841921806E+001
 1.809999943E+000 2.849196243E+001
 1.815000057E+000 2.856651878E+001
 1.820000052E+000 2.864228821E+001
 1.825000048E+000 2.871669960E+001
 1.830000043E+000 2.878827667E+001
 1.835000038E+000 2.885864067E+001
 1.840000033E+000 2.893067551E+001
 1.845000029E+000 2.900449181E+001
 1.850000024E+000 2.907661629E+001
 1.855000019E+000 2.914453125E+001
 1.860000014E+000 2.921087646E+001
 1.865000010E+000 2.928120041E+001
 1.870000005E+000 2.935802841E+001
 1.875000000E+000 2.943842888E+001
 1.879999995E+000 2.951727676E+001
 1.884999990E+000 2.959177399E+001
 1.889999986E+000 2.966252708E+001
 1.894999981E+000 2.973148537E+001
 1.899999976E+000 2.980028725E+001
 1.904999971E+000 2.987058640E+001
 1.909999967E+000 2.994434357E+001
 1.914999962E+000 3.002219963E+001
 1.919999957E+000 3.010136414E+001
 1.924999952E+000 3.017644310E+001
 1.929999948E+000 3.024357796E+001
 1.934999943E+000 3.030435753E+001
 1.940000057E+000 3.036539459E+001
 1.945000052E+000 3.043311310E+001
 1.950000048E+000 3.050851250E+001
 1.955000043E+000 3.058726883E+001
 1.960000038E+000 3.066419601E+001
 1.965000033E+000 3.073683357E+001
 1.970000029E+000 3.080613708E+001
 1.975000024E+000 3.087504959E+001
 1.980000019E+000 3.094597626E+001
 1.985000014E+000 3.101904488E+001
 1.990000010E+000 3.109243202E+001
 1.995000005E+000 3.116404724E+001
 2.000000000E+000 3.123307800E+001
 2.005000114E+000 3.130018997E+001
 2.009999990E+000 3.136643028E+001
 2.015000105E+000 3.143263054E+001
 2.019999981E+000 3.149995232E+001
 2.025000095E+000 3.156970215E+001
 2.029999971E+000 3.164156151E+001
 2.035000086E+000 3.171312714E+001
 2.039999962E+000 3.178219604E+001
 2.045000076E+000 3.184908485E+001
 2.049999952E+000 3.191615486E+001
 2.055000067E+000 3.198576355E+001
 2.059999943E+000 3.205839539E+001
 2.065000057E+000 3.213193893E+001
 2.069999933E+000 3.220245361E+001
 2.075000048E+000 3.226680756E+001
 2.079999924E+000 3.232582855E+001
 2.085000038E+000 3.238497925E+001
 2.089999914E+000 3.245033264E+001
 2.095000029E+000 3.252333069E+001
 2.099999905E+000 3.259975815E+001
 2.105000019E+000 3.267395020E+001
 2.109999895E+000 3.274333191E+001
 2.115000010E+000 3.280928040E+001
 2.119999886E+000 3.287509155E+001
 2.125000000E+000 3.294402313E+001
 2.130000114E+000 3.301733017E+001
 2.134999990E+000 3.309247589E+001
 2.140000105E+000 3.316400528E+001
 2.144999981E+000 3.322791290E+001
 2.150000095E+000 3.328561783E+001
 2.154999971E+000 3.334294128E+001
 2.160000086E+000 3.340509033E+001
 2.164999962E+000 3.347282791E+001
 2.170000076E+000 3.354317856E+001
 2.174999952E+000 3.361243820E+001
 2.180000067E+000 3.367864227E+001
 2.184999943E+000 3.374224472E+001
 2.190000057E+000 3.380539322E+001
 2.194999933E+000 3.387024689E+001
 2.200000048E+000 3.393709183E+001
 2.204999924E+000 3.400391769E+001
 2.210000038E+000 3.406859207E+001
 2.214999914E+000 3.413105774E+001
 2.220000029E+000 3.419300079E+001
 2.224999905E+000 3.425571060E+001
 2.230000019E+000 3.431916428E+001
 2.234999895E+000 3.438305664E+001
 2.240000010E+000 3.444815063E+001
 2.244999886E+000 3.451533127E+001
 2.250000000E+000 3.458351135E+001
 2.255000114E+000 3.464975739E+001
 2.259999990E+000 3.471232986E+001
 2.265000105E+000 3.477299881E+001
 2.269999981E+000 3.483551025E+001
 2.275000095E+000 3.490164948E+001
 2.279999971E+000 3.496876907E+001
 2.285000086E+000 3.503173065E+001
 2.289999962E+000 3.508759308E+001
 2.295000076E+000 3.513878250E+001
 2.299999952E+000 3.519188309E+001
 2.305000067E+000 3.525328445E+001
 2.309999943E+000 3.532459259E+001
 2.315000057E+000 3.540083313E+001
 2.319999933E+000 3.547345734E+001
 2.325000048E+000 3.553640366E+001
 2.329999924E+000 3.559000778E+001
 2.335000038E+000 3.563998032E+001
 2.339999914E+000 3.569312668E+001
 2.345000029E+000 3.575301361E+001
 2.349999905E+000 3.581839371E+001
 2.355000019E+000 3.588520432E+001
 2.359999895E+000 3.594978333E+001
 2.365000010E+000 3.601071930E+001
 2.369999886E+000 3.606894684E+001
 2.375000000E+000 3.612679291E+001
 2.380000114E+000 3.618609619E+001
 2.384999990E+000 3.624692535E+001
 2.390000105E+000 3.630787659E+001
 2.394999981E+000 3.636738968E+001
 2.400000095E+000 3.642491531E+001
 2.404999971E+000 3.648115921E+001
 2.410000086E+000 3.653738785E+001
 2.414999962E+000 3.659465408E+001
 2.420000076E+000 3.665350342E+001
 2.424999952E+000 3.671370316E+001
 2.430000067E+000 3.677398682E+001
 2.434999943E+000 3.683231735E+001
 2.440000057E+000 3.688747406E+001
 2.444999933E+000 3.694081116E+001
 2.450000048E+000 3.699555588E+001
 2.454999924E+000 3.705367279E+001
 2.460000038E+000 3.711377716E+001
 2.464999914E+000 3.717234039E+001
 2.470000029E+000 3.722729492E+001
 2.474999905E+000 3.728018951E+001
 2.480000019E+000 3.733443832E+001
 2.484999895E+000 3.739162827E+001
 2.490000010E+000 3.745024490E+001
 2.494999886E+000 3.750768280E+001
 2.500000000E+000 3.756287003E+001
 2.505000114E+000 3.761688614E+001
 2.509999990E+000 3.767169952E+001
 2.515000105E+000 3.772835541E+001
 2.519999981E+000 3.778577805E+001
 2.525000095E+000 3.784149551E+001
 2.529999971E+000 3.789404297E+001
 2.535000086E+000 3.794489670E+001
 2.539999962E+000 3.799707413E+001
 2.545000076E+000 3.805167770E+001
 2.549999952E+000 3.810647202E+001
 2.555000067E+000 3.815875626E+001
 2.559999943E+000 3.820882797E+001
 2.565000057E+000 3.825975037E+001
 2.569999933E+000 3.831353378E+001
 2.575000048E+000 3.836854935E+001
 2.579999924E+000 3.842140198E+001
 2.585000038E+000 3.847101974E+001
 2.589999914E+000 3.851993179E+001
 2.595000029E+000 3.857154465E+001
 2.599999905E+000 3.862659454E+001
 2.605000019E+000 3.868246460E+001
 2.609999895E+000 3.873577499E+001
 2.615000010E+000 3.878543854E+001
 2.619999886E+000 3.883310699E+001
 2.625000000E+000 3.888111496E+001
 2.630000114E+000 3.893041611E+001
 2.634999990E+000 3.898077774E+001
 2.640000105E+000 3.903203964E+001
 2.644999981E+000 3.908403778E+001
 2.650000095E+000 3.913560486E+001
 2.654999971E+000 3.918476105E+001
 2.660000086E+000 3.923078537E+001
 2.664999962E+000 3.927561188E+001
 2.670000076E+000 3.932242584E+001
 2.674999952E+000 3.937258911E+001
 2.680000067E+000 3.942453384E+001
 2.684999943E+000 3.947550583E+001
 2.690000057E+000 3.952402496E+001
 2.694999933E+000 3.957044601E+001
 2.700000048E+000 3.961581421E+001
 2.704999924E+000 3.966099167E+001
 2.710000038E+000 3.970680618E+001
 2.714999914E+000 3.975418854E+001
 2.720000029E+000 3.980344009E+001
 2.724999905E+000 3.985320282E+001
 2.730000019E+000 3.990100479E+001
 2.734999895E+000 3.994542313E+001
 2.740000010E+000 3.998767090E+001
 2.744999886E+000 4.003055191E+001
 2.750000000E+000 4.007580566E+001
 2.755000114E+000 4.012273026E+001
 2.759999990E+000 4.016931534E+001
 2.765000105E+000 4.021425247E+001
 2.769999981E+000 4.025775528E+001
 2.775000095E+000 4.030091095E+001
 2.779999971E+000 4.034456253E+001
 2.785000086E+000 4.038899231E+001
 2.789999962E+000 4.043389130E+001
 2.795000076E+000 4.047843170E+001
 2.799999952E+000 4.052180099E+001
 2.805000067E+000 4.056400681E+001
 2.809999943E+000 4.060596466E+001
 2.815000057E+000 4.064865112E+001
 2.819999933E+000 4.069209290E+001
 2.825000048E+000 4.073536301E+001
 2.829999924E+000 4.077777481E+001
 2.835000038E+000 4.081968307E+001
 2.839999914E+000 4.086178589E+001
 2.845000029E+000 4.090408325E+001
 2.849999905E+000 4.094599915E+001
 2.855000019E+000 4.098724365E+001
 2.859999895E+000 4.102792358E+001
 2.865000010E+000 4.106775665E+001
 2.869999886E+000 4.110592651E+001
 2.875000000E+000 4.114244080E+001
 2.880000114E+000 4.117903137E+001
 2.884999990E+000 4.121789169E+001
 2.890000105E+000 4.125952911E+001
 2.894999981E+000 4.130231857E+001
 2.900000095E+000 4.134408569E+001
 2.904999971E+000 4.138384247E+001
 2.910000086E+000 4.142201233E+001
 2.914999962E+000 4.145950699E+001
 2.920000076E+000 4.149722290E+001
 2.924999952E+000 4.153597260E+001
 2.930000067E+000 4.157606506E+001
 2.934999943E+000 4.161661911E+001
 2.940000057E+000 4.165576935E+001
 2.944999933E+000 4.169217682E+001
 2.950000048E+000 4.172634125E+001
 2.954999924E+000 4.176023865E+001
 2.960000038E+000 4.179561234E+001
 2.964999914E+000 4.183268738E+001
 2.970000029E+000 4.187044907E+001
 2.974999905E+000 4.190768433E+001
 2.980000019E+000 4.194379044E+001
 2.984999895E+000 4.197891617E+001
 2.990000010E+000 4.201371002E+001
 2.994999886E+000 4.204881287E+001
 3.000000000E+000 4.208432007E+001
 3.005000114E+000 4.211966324E+001
 3.009999990E+000 4.215421677E+001
 3.015000105E+000 4.218792343E+001
 3.019999981E+000 4.222114182E+001
 3.025000095E+000 4.225414276E+001
 3.029999971E+000 4.228697205E+001
 3.035000086E+000 4.231972504E+001
 3.039999962E+000 4.235271454E+001
 3.045000076E+000 4.238629532E+001
 3.049999952E+000 4.242044830E+001
 3.055000067E+000 4.245460129E+001
 3.059999943E+000 4.248802185E+001
 3.065000057E+000 4.252043915E+001
 3.069999933E+000 4.255216980E+001
 3.075000048E+000 4.258363342E+001
 3.079999924E+000 4.261487961E+001
 3.085000038E+000 4.264574814E+001
 3.089999914E+000 4.267639160E+001
 3.095000029E+000 4.270732117E+001
 3.099999905E+000 4.273886108E+001
 3.105000019E+000 4.277063370E+001
 3.109999895E+000 4.280191040E+001
 3.115000010E+000 4.283229065E+001
 3.119999886E+000 4.286191177E+001
 3.125000000E+000 4.289111710E+001
 3.130000114E+000 4.292011261E+001
 3.134999990E+000 4.294894409E+001
 3.140000105E+000 4.297761154E+001
 3.144999981E+000 4.300612640E+001
 3.150000095E+000 4.303450394E+001
 3.154999971E+000 4.306274033E+001
 3.160000086E+000 4.309086227E+001
 3.164999962E+000 4.311896515E+001
 3.170000076E+000 4.314719772E+001
 3.174999952E+000 4.317559814E+001
 3.180000067E+000 4.320395279E+001
 3.184999943E+000 4.323190308E+001
 3.190000057E+000 4.325925446E+001
 3.194999933E+000 4.328610229E+001
 3.200000048E+000 4.331266022E+001
 3.204999924E+000 4.333906555E+001
 3.210000038E+000 4.336526489E+001
 3.214999914E+000 4.339120102E+001
 3.220000029E+000 4.341690826E+001
 3.224999905E+000 4.344249725E+001
 3.230000019E+000 4.346801376E+001
 3.234999895E+000 4.349340820E+001
 3.240000010E+000 4.351858521E+001
 3.244999886E+000 4.354348755E+001
 3.250000000E+000 4.356814957E+001
 3.255000114E+000 4.359265900E+001
 3.259999990E+000 4.361706924E+001
 3.265000105E+000 4.364133072E+001
 3.269999981E+000 4.366533279E+001
 3.275000095E+000 4.368903732E+001
 3.279999971E+000 4.371248627E+001
 3.285000086E+000 4.373575592E+001
 3.289999962E+000 4.375889206E+001
 3.295000076E+000 4.378188705E+001
 3.299999952E+000 4.380471039E+001
 3.305000067E+000 4.382734299E+001
 3.309999943E+000 4.384976196E+001
 3.315000057E+000 4.387192154E+001
 3.319999933E+000 4.389377594E+001
 3.325000048E+000 4.391535950E+001
 3.329999924E+000 4.393684769E+001
 3.335000038E+000 4.395843124E+001
 3.339999914E+000 4.398007965E+001
 3.345000029E+000 4.400149918E+001
 3.349999905E+000 4.402233887E+001
 3.355000019E+000 4.404251862E+001
 3.359999895E+000 4.406229782E+001
 3.365000010E+000 4.408201981E+001
 3.369999886E+000 4.410184097E+001
 3.375000000E+000 4.412170410E+001
 3.380000114E+000 4.414149094E+001
 3.384999990E+000 4.416114807E+001
 3.390000105E+000 4.418069458E+001
 3.394999981E+000 4.420012665E+001
 3.400000095E+000 4.421942520E+001
 3.404999971E+000 4.423854446E+001
 3.410000086E+000 4.425748062E+001
 3.414999962E+000 4.427624130E+001
 3.420000076E+000 4.429479980E+001
 3.424999952E+000 4.431296539E+001
 3.430000067E+000 4.433040619E+001
 3.434999943E+000 4.434694672E+001
 3.440000057E+000 4.436293030E+001
 3.444999933E+000 4.437911224E+001
 3.450000048E+000 4.439602661E+001
 3.454999924E+000 4.441357803E+001
 3.460000038E+000 4.443124771E+001
 3.464999914E+000 4.444859314E+001
 3.470000029E+000 4.446534348E+001
 3.474999905E+000 4.448130798E+001
 3.480000019E+000 4.449642181E+001
 3.484999895E+000 4.451107407E+001
 3.490000010E+000 4.452600861E+001
 3.494999886E+000 4.454163742E+001
 3.500000000E+000 4.455755615E+001
 3.505000114E+000 4.457299042E+001
 3.509999990E+000 4.458761978E+001
 3.515000105E+000 4.460174561E+001
 3.519999981E+000 4.461582947E+001
 3.525000095E+000 4.463010025E+001
 3.529999971E+000 4.464455414E+001
 3.535000086E+000 4.465906906E+001
 3.539999962E+000 4.467351913E+001
 3.545000076E+000 4.468781662E+001
 3.549999952E+000 4.470190811E+001
 3.555000067E+000 4.471565247E+001
 3.559999943E+000 4.472878265E+001
 3.565000057E+000 4.474113464E+001
 3.569999933E+000 4.475292587E+001
 3.575000048E+000 4.476465988E+001
 3.579999924E+000 4.477676773E+001
 3.585000038E+000 4.478919601E+001
 3.589999914E+000 4.480136490E+001
 3.595000029E+000 4.481277466E+001
 3.599999905E+000 4.482361984E+001
 3.605000019E+000 4.483466339E+001
 3.609999895E+000 4.484634399E+001
 3.615000010E+000 4.485821152E+001
 3.619999886E+000 4.486942673E+001
 3.625000000E+000 4.487996292E+001
 3.630000114E+000 4.489080429E+001
 3.634999990E+000 4.490266418E+001
 3.640000105E+000 4.491474915E+001
 3.644999981E+000 4.492539978E+001
 3.650000095E+000 4.493386459E+001
 3.654999971E+000 4.494102097E+001
 3.660000086E+000 4.494841003E+001
 3.664999962E+000 4.495690536E+001
 3.670000076E+000 4.496633911E+001
 3.674999952E+000 4.497616577E+001
 3.680000067E+000 4.498603058E+001
 3.684999943E+000 4.499581909E+001
 3.690000057E+000 4.500550842E+001
 3.694999933E+000 4.501507187E+001
 3.700000048E+000 4.502448273E+001
 3.704999924E+000 4.503371429E+001
 3.710000038E+000 4.504261398E+001
 3.714999914E+000 4.505071259E+001
 3.720000029E+000 4.505728149E+001
 3.724999905E+000 4.506208420E+001
 3.730000019E+000 4.506616592E+001
 3.734999895E+000 4.507162094E+001
 3.740000010E+000 4.507995224E+001
 3.744999886E+000 4.509056854E+001
 3.750000000E+000 4.510089493E+001
 3.755000114E+000 4.510837936E+001
 3.759999990E+000 4.511259842E+001
 3.765000105E+000 4.511525345E+001
 3.769999981E+000 4.511851883E+001
 3.775000095E+000 4.512369919E+001
 3.779999971E+000 4.513085938E+001
 3.785000086E+000 4.513899612E+001
 3.789999962E+000 4.514675903E+001
 3.795000076E+000 4.515327072E+001
 3.799999952E+000 4.515834808E+001
 3.805000067E+000 4.516233444E+001
 3.809999943E+000 4.516566086E+001
 3.815000057E+000 4.516846085E+001
 3.819999933E+000 4.517092896E+001
 3.825000048E+000 4.517399979E+001
 3.829999924E+000 4.517890930E+001
 3.835000038E+000 4.518589401E+001
 3.839999914E+000 4.519371033E+001
 3.845000029E+000 4.520042801E+001
 3.849999905E+000 4.520459366E+001
 3.855000019E+000 4.520592880E+001
 3.859999895E+000 4.520531082E+001
 3.865000010E+000 4.520440292E+001
 3.869999886E+000 4.520505524E+001
 3.875000000E+000 4.520824051E+001
 3.880000114E+000 4.521316910E+001
 3.884999990E+000 4.521781158E+001
 3.890000105E+000 4.522084045E+001
 3.894999981E+000 4.522273636E+001
 3.900000095E+000 4.522472382E+001
 3.904999971E+000 4.522715759E+001
 3.910000086E+000 4.522936249E+001
 3.914999962E+000 4.523090744E+001
 3.920000076E+000 4.523252869E+001
 3.924999952E+000 4.523522949E+001
 3.930000067E+000 4.523861694E+001
 3.934999943E+000 4.524097443E+001
 3.940000057E+000 4.524126053E+001
 3.944999933E+000 4.524014664E+001
 3.950000048E+000 4.523893738E+001
 3.954999924E+000 4.523814774E+001
 3.960000038E+000 4.523762894E+001
 3.964999914E+000 4.523799133E+001
 3.970000029E+000 4.524063873E+001
 3.974999905E+000 4.524557114E+001
 3.980000019E+000 4.524997330E+001
 3.984999895E+000 4.525027084E+001
 3.990000010E+000 4.524557495E+001
 3.994999886E+000 4.523846817E+001
 4.000000000E+000 4.523250580E+001
 4.005000114E+000 4.522936249E+001
 4.010000229E+000 4.522847366E+001
 4.014999866E+000 4.522853470E+001
 4.019999981E+000 4.522873688E+001
 4.025000095E+000 4.522882080E+001
 4.030000210E+000 4.522875595E+001
 4.034999847E+000 4.522856903E+001
 4.039999962E+000 4.522827911E+001
 4.045000076E+000 4.522790909E+001
 4.050000191E+000 4.522744751E+001
 4.054999828E+000 4.522690582E+001
 4.059999943E+000 4.522627640E+001
 4.065000057E+000 4.522554779E+001
 4.070000172E+000 4.522469711E+001
 4.074999809E+000 4.522365952E+001
 4.079999924E+000 4.522218323E+001
 4.085000038E+000 4.521936417E+001
 4.090000153E+000 4.521373749E+001
 4.094999790E+000 4.520458603E+001
 4.099999905E+000 4.519377136E+001
 4.105000019E+000 4.518535614E+001
 4.110000134E+000 4.518235016E+001
 4.114999771E+000 4.518379211E+001
 4.119999886E+000 4.518558502E+001
 4.125000000E+000 4.518449783E+001
 4.130000114E+000 4.518053055E+001
 4.135000229E+000 4.517525482E+001
 4.139999866E+000 4.516940689E+001
 4.144999981E+000 4.516324615E+001
 4.150000095E+000 4.515793228E+001
 4.155000210E+000 4.515488434E+001
 4.159999847E+000 4.515382385E+001
 4.164999962E+000 4.515236664E+001
 4.170000076E+000 4.514789581E+001
 4.175000191E+000 4.513970566E+001
 4.179999828E+000 4.512945938E+001
 4.184999943E+000 4.511993790E+001
 4.190000057E+000 4.511335373E+001
 4.195000172E+000 4.510990906E+001
 4.199999809E+000 4.510739517E+001
 4.204999924E+000 4.510297394E+001
 4.210000038E+000 4.509571457E+001
 4.215000153E+000 4.508715439E+001
 4.219999790E+000 4.507972336E+001
 4.224999905E+000 4.507506943E+001
 4.230000019E+000 4.507324600E+001
 4.235000134E+000 4.507261276E+001
 4.239999771E+000 4.507043076E+001
 4.244999886E+000 4.506426239E+001
 4.250000000E+000 4.505353165E+001
 4.255000114E+000 4.503988647E+001
 4.260000229E+000 4.502618790E+001
 4.264999866E+000 4.501515198E+001
 4.269999981E+000 4.500833893E+001
 4.275000095E+000 4.500537109E+001
 4.280000210E+000 4.500387955E+001
 4.284999847E+000 4.500060272E+001
 4.289999962E+000 4.499345016E+001
 4.295000076E+000 4.498286057E+001
 4.300000191E+000 4.497116089E+001
 4.304999828E+000 4.496042633E+001
 4.309999943E+000 4.495140457E+001
 4.315000057E+000 4.494385529E+001
 4.320000172E+000 4.493701553E+001
 4.324999809E+000 4.493021393E+001
 4.329999924E+000 4.492312241E+001
 4.335000038E+000 4.491519547E+001
 4.340000153E+000 4.490583801E+001
 4.344999790E+000 4.489554977E+001
 4.349999905E+000 4.488571930E+001
 4.355000019E+000 4.487686539E+001
 4.360000134E+000 4.486819077E+001
 4.364999771E+000 4.485902023E+001
 4.369999886E+000 4.484994888E+001
 4.375000000E+000 4.484179688E+001
 4.380000114E+000 4.483374023E+001
 4.385000229E+000 4.482387924E+001
 4.389999866E+000 4.481230927E+001
 4.394999981E+000 4.480199432E+001
 4.400000095E+000 4.479502869E+001
 4.405000210E+000 4.478912354E+001
 4.409999847E+000 4.477951431E+001
 4.414999962E+000 4.476406479E+001
 4.420000076E+000 4.474537659E+001
 4.425000191E+000 4.472811890E+001
 4.429999828E+000 4.471563339E+001
 4.434999943E+000 4.470904160E+001
 4.440000057E+000 4.470773315E+001
 4.445000172E+000 4.470888138E+001
 4.449999809E+000 4.470750427E+001
 4.454999924E+000 4.469913483E+001
 4.460000038E+000 4.468317413E+001
 4.465000153E+000 4.466337967E+001
 4.469999790E+000 4.464472580E+001
 4.474999905E+000 4.462980652E+001
 4.480000019E+000 4.461808395E+001
 4.485000134E+000 4.460783386E+001
 4.489999771E+000 4.459787750E+001
 4.494999886E+000 4.458758163E+001
 4.500000000E+000 4.457592010E+001
 4.505000114E+000 4.456114197E+001
 4.510000229E+000 4.454217911E+001
 4.514999866E+000 4.452090836E+001
 4.519999981E+000 4.450222015E+001
 4.525000095E+000 4.449073029E+001
 4.530000210E+000 4.448701096E+001
 4.534999847E+000 4.448705673E+001
 4.539999962E+000 4.448538589E+001
 4.545000076E+000 4.447832870E+001
 4.550000191E+000 4.446472168E+001
 4.554999828E+000 4.444530487E+001
 4.559999943E+000 4.442313766E+001
 4.565000057E+000 4.440326309E+001
 4.570000172E+000 4.438939667E+001
 4.574999809E+000 4.438027954E+001
 4.579999924E+000 4.437079239E+001
 4.585000038E+000 4.435755920E+001
 4.590000153E+000 4.434268188E+001
 4.594999790E+000 4.433053970E+001
 4.599999905E+000 4.432172012E+001
 4.605000019E+000 4.431210327E+001
 4.610000134E+000 4.429817581E+001
 4.614999771E+000 4.428107452E+001
 4.619999886E+000 4.426430130E+001
 4.625000000E+000 4.424934006E+001
 4.630000114E+000 4.423483276E+001
 4.635000229E+000 4.421921921E+001
 4.639999866E+000 4.420291138E+001
 4.644999981E+000 4.418754578E+001
 4.650000095E+000 4.417372894E+001
 4.655000210E+000 4.416071320E+001
 4.659999847E+000 4.414789200E+001
 4.664999962E+000 4.413510132E+001
 4.670000076E+000 4.412219620E+001
 4.675000191E+000 4.410918808E+001
 4.679999828E+000 4.409589005E+001
 4.684999943E+000 4.408149338E+001
 4.690000057E+000 4.406538391E+001
 4.695000172E+000 4.404823685E+001
 4.699999809E+000 4.403195190E+001
 4.704999924E+000 4.401799011E+001
 4.710000038E+000 4.400529861E+001
 4.715000153E+000 4.399081421E+001
 4.719999790E+000 4.397278595E+001
 4.724999905E+000 4.395264053E+001
 4.730000019E+000 4.393324661E+001
 4.735000134E+000 4.391609955E+001
 4.739999771E+000 4.390074158E+001
 4.744999886E+000 4.388619232E+001
 4.750000000E+000 4.387199402E+001
 4.755000114E+000 4.385791397E+001
 4.760000229E+000 4.384367752E+001
 4.764999866E+000 4.382928085E+001
 4.769999981E+000 4.381494904E+001
 4.775000095E+000 4.380060196E+001
 4.780000210E+000 4.378570175E+001
 4.784999847E+000 4.376950455E+001
 4.789999962E+000 4.375126266E+001
 4.795000076E+000 4.373080826E+001
 4.800000191E+000 4.370951843E+001
 4.804999828E+000 4.369026184E+001
 4.809999943E+000 4.367506790E+001
 4.815000057E+000 4.366253281E+001
 4.820000172E+000 4.364877701E+001
 4.824999809E+000 4.363191223E+001
 4.829999924E+000 4.361430359E+001
 4.835000038E+000 4.359926987E+001
 4.840000153E+000 4.358644104E+001
 4.844999790E+000 4.357188034E+001
 4.849999905E+000 4.355261612E+001
 4.855000019E+000 4.352999496E+001
 4.860000134E+000 4.350843811E+001
 4.864999771E+000 4.349104691E+001
 4.869999886E+000 4.347636414E+001
 4.875000000E+000 4.346006775E+001
 4.880000114E+000 4.343966675E+001
 4.885000229E+000 4.341659927E+001
 4.889999866E+000 4.339409256E+001
 4.894999981E+000 4.337438965E+001
 4.900000095E+000 4.335820389E+001
 4.905000210E+000 4.334528351E+001
 4.909999847E+000 4.333415222E+001
 4.914999962E+000 4.332180405E+001
 4.920000076E+000 4.330544281E+001
 4.925000191E+000 4.328500748E+001
 4.929999828E+000 4.326287079E+001
 4.934999943E+000 4.324089050E+001
 4.940000057E+000 4.321951294E+001
 4.945000172E+000 4.320013809E+001
 4.949999809E+000 4.318561172E+001
 4.954999924E+000 4.317591858E+001
 4.960000038E+000 4.316534805E+001
 4.965000153E+000 4.314697266E+001
 4.969999790E+000 4.312013245E+001
 4.974999905E+000 4.309194183E+001
 4.980000019E+000 4.307044601E+001
 4.985000134E+000 4.305670929E+001
 4.989999771E+000 4.304440689E+001
 4.994999886E+000 4.302654266E+001
 5.000000000E+000 4.300148392E+001
 5.005000114E+000 4.297306442E+001
 5.010000229E+000 4.294633102E+001
 5.014999866E+000 4.292361450E+001
 5.019999981E+000 4.290410614E+001
 5.025000095E+000 4.288600159E+001
