 2.999999933E-002 3.152999878E-001
 3.500000015E-002 3.677812517E-001
 4.489199817E-002 4.715778530E-001
 4.988000169E-002 5.238673687E-001
 5.486800149E-002 5.760675073E-001
 5.985600129E-002 6.281542778E-001
 6.484399736E-002 6.801047921E-001
 6.983199716E-002 7.318989635E-001
 7.481999695E-002 7.835211158E-001
 7.980799675E-002 8.349606991E-001
 8.479599655E-002 8.862127662E-001
 8.978399634E-002 9.372782111E-001
 9.477200359E-002 9.881641865E-001
 9.976000339E-002 1.038884282E+000
 1.047499999E-001 1.089478731E+000
 1.097399965E-001 1.139952898E+000
 1.147200018E-001 1.190237045E+000
 1.197099984E-001 1.240570903E+000
 1.247000024E-001 1.290897965E+000
 1.296900064E-001 1.341267347E+000
 1.346800029E-001 1.391733527E+000
 1.396600008E-001 1.442264199E+000
 1.446499974E-001 1.493155122E+000
 1.496399939E-001 1.544424295E+000
 1.546300054E-001 1.596202016E+000
 1.596200019E-001 1.648606896E+000
 1.645999998E-001 1.701637983E+000
 1.695899963E-001 1.755623579E+000
 1.745799929E-001 1.810607314E+000
 1.795700043E-001 1.866777301E+000
 1.845600009E-001 1.924336314E+000
 1.895399988E-001 1.983363867E+000
 1.945299953E-001 2.044288874E+000
 1.995200068E-001 2.107196569E+000
 2.045100033E-001 2.172300100E+000
 2.094999999E-001 2.239802122E+000
 2.144799978E-001 2.309757233E+000
 2.194699943E-001 2.382639170E+000
 2.244600058E-001 2.458501339E+000
 2.294500023E-001 2.537523270E+000
 2.344399989E-001 2.619854450E+000
 2.394199967E-001 2.705457926E+000
 2.444099933E-001 2.794825554E+000
 2.494000047E-001 2.887934208E+000
 2.543900013E-001 2.984888315E+000
 2.593800128E-001 3.085745096E+000
 2.643600106E-001 3.190371037E+000
 2.693499923E-001 3.299323559E+000
 2.743400037E-001 3.412533998E+000
 2.793299854E-001 3.530040503E+000
 2.843199968E-001 3.651762009E+000
 2.892999947E-001 3.777342081E+000
 2.942900062E-001 3.907237530E+000
 2.992799878E-001 4.041194916E+000
 3.042699993E-001 4.179228306E+000
 3.092600107E-001 4.321359634E+000
 3.142400086E-001 4.467305183E+000
 3.192299902E-001 4.617450237E+000
 3.242200017E-001 4.770999908E+000
 3.292100132E-001 4.927423000E+000
 3.341999948E-001 5.086596012E+000
 3.391799927E-001 5.248666763E+000
 3.441700041E-001 5.414925575E+000
 3.491599858E-001 5.585028648E+000
 3.541499972E-001 5.757970810E+000
 3.591400087E-001 5.932335377E+000
 3.641200066E-001 6.106949806E+000
 3.691099882E-001 6.282948971E+000
 3.740999997E-001 6.461380005E+000
 3.790900111E-001 6.643404007E+000
 3.840799928E-001 6.828893185E+000
 3.890599906E-001 7.016013622E+000
 3.940500021E-001 7.203691959E+000
 3.990400136E-001 7.390540123E+000
 4.040299952E-001 7.576751232E+000
 4.090200067E-001 7.763174057E+000
 4.140000045E-001 7.950102806E+000
 4.189899862E-001 8.138320923E+000
 4.239799976E-001 8.327059746E+000
 4.289700091E-001 8.515908241E+000
 4.339599907E-001 8.704541206E+000
 4.389399886E-001 8.892417908E+000
 4.439300001E-001 9.080445290E+000
 4.489200115E-001 9.268630028E+000
 4.539099932E-001 9.457324982E+000
 4.589000046E-001 9.646456718E+000
 4.638800025E-001 9.834856033E+000
 4.688700140E-001 1.002207279E+001
 4.738599956E-001 1.020691776E+001
 4.788500071E-001 1.038956451E+001
 4.838399887E-001 1.057096767E+001
 4.888199866E-001 1.075173664E+001
 4.938099980E-001 1.093278122E+001
 4.988000095E-001 1.111283970E+001
 5.037900209E-001 1.129047489E+001
 5.087800026E-001 1.146475410E+001
 5.137599707E-001 1.163565922E+001
 5.187500119E-001 1.180556107E+001
 5.237399936E-001 1.197659016E+001
 5.287299752E-001 1.215057468E+001
 5.337200165E-001 1.232685375E+001
 5.386999846E-001 1.250162411E+001
 5.436900258E-001 1.267158508E+001
 5.486800075E-001 1.283481884E+001
 5.536699891E-001 1.299338531E+001
 5.586599708E-001 1.315111160E+001
 5.636399984E-001 1.330997562E+001
 5.686299801E-001 1.346986961E+001
 5.736200213E-001 1.362810230E+001
 5.786100030E-001 1.378272915E+001
 5.835999846E-001 1.393325615E+001
 5.885800123E-001 1.408043385E+001
 5.935699940E-001 1.422674561E+001
 5.985599756E-001 1.437320518E+001
 6.035500169E-001 1.451936722E+001
 6.085399985E-001 1.466338825E+001
 6.135200262E-001 1.480372524E+001
 6.185100079E-001 1.494224453E+001
 6.234999895E-001 1.508226299E+001
 6.284899712E-001 1.522691822E+001
 6.334800124E-001 1.537620926E+001
 6.384599805E-001 1.552619362E+001
 6.434500217E-001 1.567213440E+001
 6.484400034E-001 1.580978680E+001
 6.534299850E-001 1.593886757E+001
 6.584200263E-001 1.606262779E+001
 6.633999944E-001 1.618523979E+001
 6.683899760E-001 1.631028175E+001
 6.733800173E-001 1.643830109E+001
 6.783699989E-001 1.656819153E+001
 6.833599806E-001 1.669777298E+001
 6.883400083E-001 1.682427597E+001
 6.933299899E-001 1.694639206E+001
 6.983199716E-001 1.706450272E+001
 7.033100128E-001 1.718182755E+001
 7.082999945E-001 1.730139351E+001
 7.132800221E-001 1.742267036E+001
 7.182700038E-001 1.754250145E+001
 7.232599854E-001 1.765705681E+001
 7.282500267E-001 1.776618385E+001
 7.332400084E-001 1.787308693E+001
 7.382199764E-001 1.798093987E+001
 7.432100177E-001 1.809095383E+001
 7.481999993E-001 1.820180130E+001
 7.531899810E-001 1.831287193E+001
 7.581800222E-001 1.842418098E+001
 7.631599903E-001 1.853435135E+001
 7.681499720E-001 1.864113235E+001
 7.731400132E-001 1.874259567E+001
 7.781299949E-001 1.884083939E+001
 7.831199765E-001 1.894071579E+001
 7.881000042E-001 1.904475403E+001
 7.930899858E-001 1.915055466E+001
 7.980800271E-001 1.925209999E+001
 8.030700088E-001 1.934670639E+001
 8.080599904E-001 1.943749237E+001
 8.130400181E-001 1.953013039E+001
 8.180299997E-001 1.962876320E+001
 8.230199814E-001 1.973281288E+001
 8.280100226E-001 1.983946991E+001
 8.330000043E-001 1.994621849E+001
 8.379799724E-001 2.005094337E+001
 8.429700136E-001 2.015135384E+001
 8.479599953E-001 2.024413300E+001
 8.529499769E-001 2.032875443E+001
 8.579400182E-001 2.040919495E+001
 8.629199862E-001 2.049168396E+001
 8.679100275E-001 2.058065414E+001
 8.729000092E-001 2.067463493E+001
 8.778899908E-001 2.076860809E+001
 8.828799725E-001 2.085852814E+001
 8.878600001E-001 2.094367218E+001
 8.928499818E-001 2.102649117E+001
 8.978400230E-001 2.111031151E+001
 9.028300047E-001 2.119850540E+001
 9.078199863E-001 2.129206467E+001
 9.128000140E-001 2.138815308E+001
 9.177899957E-001 2.148181915E+001
 9.227799773E-001 2.156794739E+001
 9.277700186E-001 2.164531898E+001
 9.327600002E-001 2.171685219E+001
 9.377400279E-001 2.178755379E+001
 9.427300096E-001 2.186296272E+001
 9.477199912E-001 2.194604111E+001
 9.527099729E-001 2.203561783E+001
 9.577000141E-001 2.212660980E+001
 9.626799822E-001 2.221343231E+001
 9.676700234E-001 2.229458237E+001
 9.726600051E-001 2.237262726E+001
 9.776499867E-001 2.245183754E+001
 9.826400280E-001 2.253402710E+001
 9.876199961E-001 2.261831284E+001
 9.926099777E-001 2.270346642E+001
 9.976000190E-001 2.278715134E+001
 1.002599955E+000 2.286755562E+001
 1.007599950E+000 2.294405937E+001
 1.012599945E+000 2.301839447E+001
 1.017600060E+000 2.309376907E+001
 1.022500038E+000 2.317001152E+001
 1.027500033E+000 2.324763107E+001
 1.032500029E+000 2.332229042E+001
 1.037500024E+000 2.339594650E+001
 1.042500019E+000 2.347372437E+001
 1.047500014E+000 2.355751801E+001
 1.052500010E+000 2.364287376E+001
 1.057500005E+000 2.372381783E+001
 1.062399983E+000 2.379876709E+001
 1.067399979E+000 2.387653542E+001
 1.072399974E+000 2.395899391E+001
 1.077399969E+000 2.404155159E+001
 1.082399964E+000 2.411652374E+001
 1.087399960E+000 2.418338776E+001
 1.092399955E+000 2.425134659E+001
 1.097399950E+000 2.433009911E+001
 1.102300048E+000 2.441776466E+001
 1.107300043E+000 2.450704575E+001
 1.112300038E+000 2.458396149E+001
 1.117300034E+000 2.464656830E+001
 1.122300029E+000 2.470537567E+001
 1.127300024E+000 2.477452087E+001
 1.132300019E+000 2.486042404E+001
 1.137300014E+000 2.495685959E+001
 1.142300010E+000 2.504951668E+001
 1.147199988E+000 2.512479782E+001
 1.152199984E+000 2.518470001E+001
 1.157199979E+000 2.523760223E+001
 1.162199974E+000 2.529729080E+001
 1.167199969E+000 2.537348557E+001
 1.172199965E+000 2.546628952E+001
 1.177199960E+000 2.556611824E+001
 1.182199955E+000 2.565914345E+001
 1.187100053E+000 2.573359108E+001
 1.192100048E+000 2.579242706E+001
 1.197100043E+000 2.584430695E+001
 1.202100039E+000 2.590308380E+001
 1.207100034E+000 2.597849846E+001
 1.212100029E+000 2.607062149E+001
 1.217100024E+000 2.616982269E+001
 1.222100019E+000 2.626240349E+001
 1.226999998E+000 2.633773232E+001
 1.231999993E+000 2.640170670E+001
 1.236999989E+000 2.646550369E+001
 1.241999984E+000 2.654033661E+001
 1.246999979E+000 2.662624359E+001
 1.251999974E+000 2.671226311E+001
 1.256999969E+000 2.678709602E+001
 1.261999965E+000 2.685073090E+001
 1.266999960E+000 2.691447258E+001
 1.271900058E+000 2.698794365E+001
 1.276900053E+000 2.707427406E+001
 1.281900048E+000 2.716177940E+001
 1.286900043E+000 2.724105835E+001
 1.291900039E+000 2.731281471E+001
 1.296900034E+000 2.738532066E+001
 1.301900029E+000 2.746436882E+001
 1.306900024E+000 2.754819489E+001
 1.311800003E+000 2.762948990E+001
 1.316799998E+000 2.770841408E+001
 1.321799994E+000 2.778429985E+001
 1.326799989E+000 2.785912704E+001
 1.331799984E+000 2.793390274E+001
 1.336799979E+000 2.800987816E+001
 1.341799974E+000 2.808922768E+001
 1.346799970E+000 2.817263412E+001
 1.351699948E+000 2.825587273E+001
 1.356699944E+000 2.833880997E+001
 1.361700058E+000 2.841799927E+001
 1.366700053E+000 2.849398232E+001
 1.371700048E+000 2.856872940E+001
 1.376700044E+000 2.864363480E+001
 1.381700039E+000 2.871859169E+001
 1.386700034E+000 2.879358482E+001
 1.391700029E+000 2.886888885E+001
 1.396600008E+000 2.894258308E+001
 1.401600003E+000 2.901779747E+001
 1.406599998E+000 2.909431839E+001
 1.411599994E+000 2.917387390E+001
 1.416599989E+000 2.925825882E+001
 1.421599984E+000 2.934761620E+001
 1.426599979E+000 2.943903542E+001
 1.431599975E+000 2.952847099E+001
 1.436499953E+000 2.961153793E+001
 1.441499949E+000 2.969136810E+001
 1.446499944E+000 2.976805496E+001
 1.451500058E+000 2.984361076E+001
 1.456500053E+000 2.991902733E+001
 1.461500049E+000 2.999450874E+001
 1.466500044E+000 3.007006645E+001
 1.471500039E+000 3.014569664E+001
 1.476400018E+000 3.021987343E+001
 1.481400013E+000 3.029561234E+001
 1.486400008E+000 3.037156677E+001
 1.491400003E+000 3.044868660E+001
 1.496399999E+000 3.052891541E+001
 1.501399994E+000 3.061393929E+001
 1.506399989E+000 3.070355988E+001
 1.511399984E+000 3.079526711E+001
 1.516399980E+000 3.088514709E+001
 1.521299958E+000 3.096858406E+001
 1.526299953E+000 3.104905319E+001
 1.531299949E+000 3.112656975E+001
 1.536299944E+000 3.120278168E+001
 1.541300058E+000 3.127898979E+001
 1.546300054E+000 3.135542488E+001
 1.551300049E+000 3.143198967E+001
 1.556300044E+000 3.151004982E+001
 1.561200023E+000 3.159052467E+001
 1.566200018E+000 3.167869186E+001
 1.571200013E+000 3.177174950E+001
 1.576200008E+000 3.186379433E+001
 1.581200004E+000 3.194807243E+001
 1.586199999E+000 3.202384567E+001
 1.591199994E+000 3.209794998E+001
 1.596199989E+000 3.217857361E+001
 1.601099968E+000 3.226478958E+001
 1.606099963E+000 3.235187149E+001
 1.611099958E+000 3.242913055E+001
 1.616099954E+000 3.249660492E+001
 1.621099949E+000 3.256403351E+001
 1.626099944E+000 3.264240265E+001
 1.631100059E+000 3.273447418E+001
 1.636100054E+000 3.283367157E+001
 1.641100049E+000 3.293080902E+001
 1.646000028E+000 3.301875687E+001
 1.651000023E+000 3.310136795E+001
 1.656000018E+000 3.318009186E+001
 1.661000013E+000 3.325759888E+001
 1.666000009E+000 3.333494949E+001
 1.671000004E+000 3.341239166E+001
 1.675999999E+000 3.349013901E+001
 1.680999994E+000 3.356917953E+001
 1.685899973E+000 3.365036011E+001
 1.690899968E+000 3.373988342E+001
 1.695899963E+000 3.383629227E+001
 1.700899959E+000 3.393469238E+001
 1.705899954E+000 3.402650833E+001
 1.710899949E+000 3.410559845E+001
 1.715899944E+000 3.417448807E+001
 1.720900059E+000 3.424332809E+001
 1.725800037E+000 3.431987381E+001
 1.730800033E+000 3.440818405E+001
 1.735800028E+000 3.449996948E+001
 1.740800023E+000 3.458809662E+001
 1.745800018E+000 3.467060852E+001
 1.750800014E+000 3.474983978E+001
 1.755800009E+000 3.482821274E+001
 1.760800004E+000 3.490662766E+001
 1.765799999E+000 3.498601151E+001
 1.770699978E+000 3.506653595E+001
 1.775699973E+000 3.515276718E+001
 1.780699968E+000 3.524250031E+001
 1.785699964E+000 3.533358002E+001
 1.790699959E+000 3.542293167E+001
 1.795699954E+000 3.550777435E+001
 1.800699949E+000 3.558742523E+001
 1.805699944E+000 3.566424561E+001
 1.810600042E+000 3.574110031E+001
 1.815600038E+000 3.582444000E+001
 1.820600033E+000 3.591204453E+001
 1.825600028E+000 3.600023270E+001
 1.830600023E+000 3.608582306E+001
 1.835600019E+000 3.616872787E+001
 1.840600014E+000 3.625165558E+001
 1.845600009E+000 3.633727646E+001
 1.850499988E+000 3.642366791E+001
 1.855499983E+000 3.651121902E+001
 1.860499978E+000 3.659459305E+001
 1.865499973E+000 3.667321777E+001
 1.870499969E+000 3.675030899E+001
 1.875499964E+000 3.683003998E+001
 1.880499959E+000 3.691459274E+001
 1.885499954E+000 3.700326538E+001
 1.890499949E+000 3.709341431E+001
 1.895400047E+000 3.718046951E+001
 1.900400043E+000 3.726613235E+001
 1.905400038E+000 3.734823608E+001
 1.910400033E+000 3.742794418E+001
 1.915400028E+000 3.750689316E+001
 1.920400023E+000 3.758599091E+001
 1.925400019E+000 3.766600037E+001
 1.930400014E+000 3.774882507E+001
 1.935299993E+000 3.783515167E+001
 1.940299988E+000 3.792870712E+001
 1.945299983E+000 3.802425385E+001
 1.950299978E+000 3.811627960E+001
 1.955299973E+000 3.820008469E+001
 1.960299969E+000 3.827404785E+001
 1.965299964E+000 3.834041977E+001
 1.970299959E+000 3.840474319E+001
 1.975200057E+000 3.847272110E+001
 1.980200052E+000 3.855233383E+001
 1.985200047E+000 3.864259720E+001
 1.990200043E+000 3.873999023E+001
 1.995200038E+000 3.884025574E+001
 2.000200033E+000 3.894011688E+001
 2.005199909E+000 3.903654099E+001
 2.010200024E+000 3.912582779E+001
 2.015199900E+000 3.920501328E+001
 2.020100117E+000 3.927348328E+001
 2.025099993E+000 3.933960342E+001
 2.030100107E+000 3.940955734E+001
 2.035099983E+000 3.948849487E+001
 2.040100098E+000 3.957640457E+001
 2.045099974E+000 3.966870117E+001
 2.050100088E+000 3.975973892E+001
 2.055099964E+000 3.984624481E+001
 2.059999943E+000 3.992675018E+001
 2.065000057E+000 4.000659943E+001
 2.069999933E+000 4.008578873E+001
 2.075000048E+000 4.016489792E+001
 2.079999924E+000 4.024450684E+001
 2.085000038E+000 4.032578278E+001
 2.089999914E+000 4.040960312E+001
 2.095000029E+000 4.049569321E+001
 2.099900007E+000 4.058091354E+001
 2.104899883E+000 4.066675949E+001
 2.109899998E+000 4.074971390E+001
 2.114900112E+000 4.082936478E+001
 2.119899988E+000 4.090715027E+001
 2.124900103E+000 4.098579025E+001
 2.129899979E+000 4.106737900E+001
 2.134900093E+000 4.115166092E+001
 2.139899969E+000 4.123642349E+001
 2.144799948E+000 4.131801987E+001
 2.149800062E+000 4.139957809E+001
 2.154799938E+000 4.148091507E+001
 2.159800053E+000 4.156354141E+001
 2.164799929E+000 4.164741135E+001
 2.169800043E+000 4.173089981E+001
 2.174799919E+000 4.181212997E+001
 2.179800034E+000 4.189086151E+001
 2.184700012E+000 4.196725464E+001
 2.189699888E+000 4.204659653E+001
 2.194700003E+000 4.212840271E+001
 2.199700117E+000 4.221220016E+001
 2.204699993E+000 4.229657364E+001
 2.209700108E+000 4.238016129E+001
 2.214699984E+000 4.246213531E+001
 2.219700098E+000 4.254238510E+001
 2.224600077E+000 4.261989594E+001
 2.229599953E+000 4.269858551E+001
 2.234600067E+000 4.277725601E+001
 2.239599943E+000 4.285620880E+001
 2.244600058E+000 4.293635559E+001
 2.249599934E+000 4.301885986E+001
 2.254600048E+000 4.310393524E+001
 2.259599924E+000 4.319000244E+001
 2.264600039E+000 4.327447128E+001
 2.269500017E+000 4.335345078E+001
 2.274499893E+000 4.342943192E+001
 2.279500008E+000 4.350194931E+001
 2.284499884E+000 4.357352829E+001
 2.289499998E+000 4.364737320E+001
 2.294500113E+000 4.372603226E+001
 2.299499989E+000 4.381011581E+001
 2.304500103E+000 4.389807129E+001
 2.309400082E+000 4.398530960E+001
 2.314399958E+000 4.407243729E+001
 2.319400072E+000 4.415540695E+001
 2.324399948E+000 4.423331070E+001
 2.329400063E+000 4.430714035E+001
 2.334399939E+000 4.437932587E+001
 2.339400053E+000 4.445257950E+001
 2.344399929E+000 4.452867126E+001
 2.349299908E+000 4.460645294E+001
 2.354300022E+000 4.468822098E+001
 2.359299898E+000 4.477072525E+001
 2.364300013E+000 4.485232925E+001
 2.369299889E+000 4.493212509E+001
 2.374300003E+000 4.501033401E+001
 2.379300117E+000 4.508779907E+001
 2.384299994E+000 4.516518021E+001
 2.389300108E+000 4.524266052E+001
 2.394200087E+000 4.531871414E+001
 2.399199963E+000 4.539662552E+001
 2.404200077E+000 4.547500992E+001
 2.409199953E+000 4.555376434E+001
 2.414200068E+000 4.563257599E+001
 2.419199944E+000 4.571104050E+001
 2.424200058E+000 4.578885269E+001
 2.429199934E+000 4.586597061E+001
 2.434099913E+000 4.594111633E+001
 2.439100027E+000 4.601782608E+001
 2.444099903E+000 4.609493637E+001
 2.449100018E+000 4.617241669E+001
 2.454099894E+000 4.624989319E+001
 2.459100008E+000 4.632706070E+001
 2.464099884E+000 4.640389252E+001
 2.469099998E+000 4.648057938E+001
 2.473999977E+000 4.655571747E+001
 2.479000092E+000 4.663239670E+001
 2.483999968E+000 4.670899582E+001
 2.489000082E+000 4.678544617E+001
 2.493999958E+000 4.686172104E+001
 2.499000072E+000 4.693783569E+001
 2.503999949E+000 4.701382828E+001
 2.509000063E+000 4.708972931E+001
 2.513999939E+000 4.716554260E+001
 2.518899918E+000 4.723978043E+001
 2.523900032E+000 4.731550217E+001
 2.528899908E+000 4.739125061E+001
 2.533900023E+000 4.746704865E+001
 2.538899899E+000 4.754278946E+001
 2.543900013E+000 4.761827469E+001
 2.548899889E+000 4.769332123E+001
 2.553900003E+000 4.776798248E+001
 2.558799982E+000 4.784117126E+001
 2.563800097E+000 4.791627502E+001
 2.568799973E+000 4.799176407E+001
 2.573800087E+000 4.806702805E+001
 2.578799963E+000 4.814130783E+001
 2.583800077E+000 4.821438980E+001
 2.588799953E+000 4.828679657E+001
 2.593800068E+000 4.835933304E+001
 2.598700047E+000 4.843104172E+001
 2.603699923E+000 4.850481033E+001
 2.608700037E+000 4.857886505E+001
 2.613699913E+000 4.865295792E+001
 2.618700027E+000 4.872703552E+001
 2.623699903E+000 4.880115128E+001
 2.628700018E+000 4.887537766E+001
 2.633699894E+000 4.894973755E+001
 2.638700008E+000 4.902419662E+001
 2.643599987E+000 4.909717941E+001
 2.648600101E+000 4.917157364E+001
 2.653599977E+000 4.924584579E+001
 2.658600092E+000 4.932001495E+001
 2.663599968E+000 4.939387894E+001
 2.668600082E+000 4.946682739E+001
 2.673599958E+000 4.953801727E+001
 2.678600073E+000 4.960726929E+001
 2.683500051E+000 4.967437363E+001
 2.688499928E+000 4.974409103E+001
 2.693500042E+000 4.981628418E+001
 2.698499918E+000 4.989011383E+001
 2.703500032E+000 4.996355438E+001
 2.708499908E+000 5.003543091E+001
 2.713500023E+000 5.010629272E+001
 2.718499899E+000 5.017739487E+001
 2.723400116E+000 5.024765396E+001
 2.728399992E+000 5.031908417E+001
 2.733400106E+000 5.038951874E+001
 2.738399982E+000 5.045937347E+001
 2.743400097E+000 5.052952957E+001
 2.748399973E+000 5.060021973E+001
 2.753400087E+000 5.067071533E+001
 2.758399963E+000 5.073993301E+001
 2.763400078E+000 5.080757904E+001
 2.768300056E+000 5.087347794E+001
 2.773299932E+000 5.094234848E+001
 2.778300047E+000 5.101430511E+001
 2.783299923E+000 5.108908463E+001
 2.788300037E+000 5.116452408E+001
 2.793299913E+000 5.123782349E+001
 2.798300028E+000 5.130727768E+001
 2.803299904E+000 5.137295532E+001
 2.808199883E+000 5.143498611E+001
 2.813199997E+000 5.149797440E+001
 2.818200111E+000 5.156293106E+001
 2.823199987E+000 5.163166809E+001
 2.828200102E+000 5.170457458E+001
 2.833199978E+000 5.177989197E+001
 2.838200092E+000 5.185435104E+001
 2.843199968E+000 5.192524719E+001
 2.848099947E+000 5.199060440E+001
 2.853100061E+000 5.205427551E+001
 2.858099937E+000 5.211664963E+001
 2.863100052E+000 5.217908859E+001
 2.868099928E+000 5.224274826E+001
 2.873100042E+000 5.230901718E+001
 2.878099918E+000 5.237907410E+001
 2.883100033E+000 5.245248413E+001
 2.888099909E+000 5.252660370E+001
 2.892999887E+000 5.259635544E+001
 2.898000002E+000 5.266223145E+001
 2.903000116E+000 5.272372437E+001
 2.907999992E+000 5.278502655E+001
 2.913000107E+000 5.285050201E+001
 2.917999983E+000 5.292068863E+001
 2.923000097E+000 5.299154282E+001
 2.927999973E+000 5.305765152E+001
 2.932899952E+000 5.311569214E+001
 2.937900066E+000 5.317106247E+001
 2.942899942E+000 5.322836685E+001
 2.947900057E+000 5.329258347E+001
 2.952899933E+000 5.336582947E+001
 2.957900047E+000 5.344659424E+001
 2.962899923E+000 5.352986526E+001
 2.967900038E+000 5.360869598E+001
 2.972800016E+000 5.367606354E+001
 2.977799892E+000 5.373374939E+001
 2.982800007E+000 5.378358078E+001
 2.987799883E+000 5.382946777E+001
 2.992799997E+000 5.387470245E+001
 2.997800112E+000 5.392289352E+001
 3.002799988E+000 5.397875977E+001
 3.007800102E+000 5.404613876E+001
 3.012799978E+000 5.412440491E+001
 3.017699957E+000 5.420628357E+001
 3.022700071E+000 5.428821945E+001
 3.027699947E+000 5.436384964E+001
 3.032700062E+000 5.443122482E+001
 3.037699938E+000 5.449002838E+001
 3.042700052E+000 5.454189301E+001
 3.047699928E+000 5.459154129E+001
 3.052700043E+000 5.464572906E+001
 3.057600021E+000 5.470725250E+001
 3.062599897E+000 5.477602386E+001
 3.067600012E+000 5.484412384E+001
 3.072599888E+000 5.490744781E+001
 3.077600002E+000 5.496731567E+001
 3.082600117E+000 5.502752686E+001
 3.087599993E+000 5.508953476E+001
 3.092600107E+000 5.515126038E+001
 3.097500086E+000 5.520949936E+001
 3.102499962E+000 5.526766586E+001
 3.107500076E+000 5.532690048E+001
 3.112499952E+000 5.538773727E+001
 3.117500067E+000 5.544838715E+001
 3.122499943E+000 5.550685120E+001
 3.127500057E+000 5.556397629E+001
 3.132499933E+000 5.562333298E+001
 3.137500048E+000 5.568725204E+001
 3.142400026E+000 5.575270462E+001
 3.147399902E+000 5.581769180E+001
 3.152400017E+000 5.587710190E+001
 3.157399893E+000 5.593148041E+001
 3.162400007E+000 5.598491287E+001
 3.167399883E+000 5.604120636E+001
 3.172399998E+000 5.610146332E+001
 3.177400112E+000 5.616440582E+001
 3.182300091E+000 5.622703552E+001
 3.187299967E+000 5.629102325E+001
 3.192300081E+000 5.635488892E+001
 3.197299957E+000 5.641844177E+001
 3.202300072E+000 5.648082352E+001
 3.207299948E+000 5.654018784E+001
 3.212300062E+000 5.659491348E+001
 3.217299938E+000 5.664516068E+001
 3.222199917E+000 5.669229507E+001
 3.227200031E+000 5.674194717E+001
 3.232199907E+000 5.679589081E+001
 3.237200022E+000 5.685409927E+001
 3.242199898E+000 5.691505051E+001
 3.247200012E+000 5.697710419E+001
 3.252199888E+000 5.703811646E+001
 3.257200003E+000 5.709606171E+001
 3.262200117E+000 5.715039444E+001
 3.267100096E+000 5.720168686E+001
 3.272099972E+000 5.725535202E+001
 3.277100086E+000 5.731267548E+001
 3.282099962E+000 5.737296677E+001
 3.287100077E+000 5.743423843E+001
 3.292099953E+000 5.749546814E+001
 3.297100067E+000 5.755553055E+001
 3.302099943E+000 5.761125565E+001
 3.306999922E+000 5.765852356E+001
 3.312000036E+000 5.770184708E+001
 3.316999912E+000 5.774957657E+001
 3.322000027E+000 5.781018066E+001
 3.326999903E+000 5.788235092E+001
 3.332000017E+000 5.795418930E+001
 3.336999893E+000 5.801260757E+001
 3.342000008E+000 5.805445099E+001
 3.346899986E+000 5.808704758E+001
 3.351900101E+000 5.812279510E+001
 3.356899977E+000 5.816735458E+001
 3.361900091E+000 5.822036743E+001
 3.366899967E+000 5.827796555E+001
 3.371900082E+000 5.833694077E+001
 3.376899958E+000 5.839608765E+001
 3.381900072E+000 5.845525360E+001
 3.386899948E+000 5.851443863E+001
 3.391799927E+000 5.857242203E+001
 3.396800041E+000 5.863150024E+001
 3.401799917E+000 5.869044495E+001
 3.406800032E+000 5.874926758E+001
 3.411799908E+000 5.880780029E+001
 3.416800022E+000 5.886468887E+001
 3.421799898E+000 5.891624832E+001
 3.426800013E+000 5.895798111E+001
 3.431699991E+000 5.898854828E+001
 3.436700106E+000 5.901630020E+001
 3.441699982E+000 5.905345535E+001
 3.446700096E+000 5.910927200E+001
 3.451699972E+000 5.918003082E+001
 3.456700087E+000 5.925062943E+001
 3.461699963E+000 5.930760193E+001
 3.466700077E+000 5.935092163E+001
 3.471600056E+000 5.939206314E+001
 3.476599932E+000 5.944403458E+001
 3.481600046E+000 5.950490570E+001
 3.486599922E+000 5.956450653E+001
 3.491600037E+000 5.961581421E+001
 3.496599913E+000 5.966106415E+001
 3.501600027E+000 5.970693588E+001
 3.506599903E+000 5.975603104E+001
 3.511600018E+000 5.980474472E+001
 3.516499996E+000 5.984868622E+001
 3.521500111E+000 5.989144516E+001
 3.526499987E+000 5.993618774E+001
 3.531500101E+000 5.998388672E+001
 3.536499977E+000 6.003145218E+001
 3.541500092E+000 6.007539368E+001
 3.546499968E+000 6.011708450E+001
 3.551500082E+000 6.016256332E+001
 3.556400061E+000 6.021481705E+001
 3.561399937E+000 6.027307510E+001
 3.566400051E+000 6.032826233E+001
 3.571399927E+000 6.037434387E+001
 3.576400042E+000 6.041381073E+001
 3.581399918E+000 6.045643616E+001
 3.586400032E+000 6.051081467E+001
 3.591399908E+000 6.057693100E+001
 3.596299887E+000 6.064455414E+001
 3.601300001E+000 6.070501709E+001
 3.606300116E+000 6.075012970E+001
 3.611299992E+000 6.078039551E+001
 3.616300106E+000 6.080175781E+001
 3.621299982E+000 6.082271194E+001
 3.626300097E+000 6.085198593E+001
 3.631299973E+000 6.089603806E+001
 3.636300087E+000 6.095574951E+001
 3.641200066E+000 6.102281570E+001
 3.646199942E+000 6.108797836E+001
 3.651200056E+000 6.114019775E+001
 3.656199932E+000 6.117792511E+001
 3.661200047E+000 6.120747375E+001
 3.666199923E+000 6.123809433E+001
 3.671200037E+000 6.127582169E+001
 3.676199913E+000 6.132079315E+001
 3.681099892E+000 6.136938477E+001
 3.686100006E+000 6.142098999E+001
 3.691099882E+000 6.147255707E+001
 3.696099997E+000 6.152381897E+001
 3.701100111E+000 6.157506943E+001
 3.706099987E+000 6.162427902E+001
 3.711100101E+000 6.166848373E+001
 3.716099977E+000 6.170684052E+001
 3.720999956E+000 6.174132156E+001
 3.726000071E+000 6.177843475E+001
 3.730999947E+000 6.181967163E+001
 3.736000061E+000 6.186085129E+001
 3.740999937E+000 6.189767075E+001
 3.746000051E+000 6.193364716E+001
 3.750999928E+000 6.197736740E+001
 3.756000042E+000 6.203144836E+001
 3.760999918E+000 6.208605576E+001
 3.765899897E+000 6.212517166E+001
 3.770900011E+000 6.214641571E+001
 3.775899887E+000 6.216371536E+001
 3.780900002E+000 6.219882584E+001
 3.785900116E+000 6.226192474E+001
 3.790899992E+000 6.234254074E+001
 3.795900106E+000 6.241693878E+001
 3.800899982E+000 6.246552658E+001
 3.805799961E+000 6.248552704E+001
 3.810800076E+000 6.249177551E+001
 3.815799952E+000 6.250193405E+001
 3.820800066E+000 6.252608871E+001
 3.825799942E+000 6.256372070E+001
 3.830800056E+000 6.260876465E+001
 3.835799932E+000 6.265610504E+001
 3.840800047E+000 6.270372009E+001
 3.845700026E+000 6.275028610E+001
 3.850699902E+000 6.279764938E+001
 3.855700016E+000 6.284485626E+001
 3.860699892E+000 6.289192581E+001
 3.865700006E+000 6.293889618E+001
 3.870699883E+000 6.298579788E+001
 3.875699997E+000 6.303232956E+001
 3.880700111E+000 6.307637787E+001
 3.885699987E+000 6.311240387E+001
 3.890599966E+000 6.313311386E+001
 3.895600080E+000 6.313859940E+001
 3.900599957E+000 6.313933563E+001
 3.905600071E+000 6.315464401E+001
 3.910599947E+000 6.320010376E+001
 3.915600061E+000 6.327371597E+001
 3.920599937E+000 6.335413742E+001
 3.925600052E+000 6.341518784E+001
 3.930500031E+000 6.344418716E+001
 3.935499907E+000 6.345349121E+001
 3.940500021E+000 6.346709824E+001
 3.945499897E+000 6.350114059E+001
 3.950500011E+000 6.355091095E+001
 3.955499887E+000 6.359939194E+001
 3.960500002E+000 6.363569641E+001
 3.965500116E+000 6.366315842E+001
 3.970400095E+000 6.369160461E+001
 3.975399971E+000 6.372790527E+001
 3.980400085E+000 6.376956940E+001
 3.985399961E+000 6.381297684E+001
 3.990400076E+000 6.385646820E+001
 3.995399952E+000 6.389780045E+001
 4.000400066E+000 6.393278885E+001
 4.005400181E+000 6.395984268E+001
 4.010399818E+000 6.398354340E+001
 4.015299797E+000 6.401013947E+001
 4.020299911E+000 6.404414368E+001
 4.025300026E+000 6.408412933E+001
 4.030300140E+000 6.412612152E+001
 4.035299778E+000 6.416555786E+001
 4.040299892E+000 6.419897461E+001
 4.045300007E+000 6.422483063E+001
 4.050300121E+000 6.424710083E+001
 4.055200100E+000 6.427453613E+001
 4.060200214E+000 6.431393433E+001
 4.065199852E+000 6.436035156E+001
 4.070199966E+000 6.440235138E+001
 4.075200081E+000 6.443086243E+001
 4.080200195E+000 6.444747162E+001
 4.085199833E+000 6.446212769E+001
 4.090199947E+000 6.448392487E+001
 4.095099926E+000 6.451470947E+001
 4.100100040E+000 6.455251312E+001
 4.105100155E+000 6.459250641E+001
 4.110099792E+000 6.463272858E+001
 4.115099907E+000 6.467288971E+001
 4.120100021E+000 6.471305084E+001
 4.125100136E+000 6.475323486E+001
 4.130099773E+000 6.479344177E+001
 4.135099888E+000 6.483358765E+001
 4.139999866E+000 6.487240601E+001
 4.144999981E+000 6.490931702E+001
 4.150000095E+000 6.493913269E+001
 4.155000210E+000 6.495808411E+001
 4.159999847E+000 6.496670532E+001
 4.164999962E+000 6.497068024E+001
 4.170000076E+000 6.497913361E+001
 4.175000191E+000 6.500046539E+001
 4.179900169E+000 6.503785706E+001
 4.184899807E+000 6.509084320E+001
 4.189899921E+000 6.515004730E+001
 4.194900036E+000 6.520314789E+001
 4.199900150E+000 6.524089050E+001
 4.204899788E+000 6.526101685E+001
 4.209899902E+000 6.526776886E+001
 4.214900017E+000 6.526963806E+001
 4.219799995E+000 6.527573395E+001
 4.224800110E+000 6.529441833E+001
 4.229800224E+000 6.533094025E+001
 4.234799862E+000 6.538291168E+001
 4.239799976E+000 6.543836975E+001
 4.244800091E+000 6.548320007E+001
 4.249800205E+000 6.551126099E+001
 4.254799843E+000 6.552828979E+001
 4.259799957E+000 6.554589081E+001
 4.264699936E+000 6.556901550E+001
 4.269700050E+000 6.559292603E+001
 4.274700165E+000 6.561067963E+001
 4.279699802E+000 6.562690735E+001
 4.284699917E+000 6.565361023E+001
 4.289700031E+000 6.569466400E+001
 4.294700146E+000 6.573712158E+001
 4.299699783E+000 6.576255035E+001
 4.304599762E+000 6.576924896E+001
 4.309599876E+000 6.577877045E+001
 4.314599991E+000 6.581385803E+001
 4.319600105E+000 6.587416077E+001
 4.324600220E+000 6.593407440E+001
 4.329599857E+000 6.596478271E+001
 4.334599972E+000 6.595909119E+001
 4.339600086E+000 6.593455505E+001
 4.344500065E+000 6.591622162E+001
 4.349500179E+000 6.591723633E+001
 4.354499817E+000 6.593733978E+001
 4.359499931E+000 6.597086334E+001
 4.364500046E+000 6.601804352E+001
 4.369500160E+000 6.608503723E+001
 4.374499798E+000 6.617254639E+001
 4.379499912E+000 6.626642609E+001
 4.384500027E+000 6.634096527E+001
 4.389400005E+000 6.637380981E+001
 4.394400120E+000 6.636610413E+001
 4.399400234E+000 6.633864594E+001
 4.404399872E+000 6.631670380E+001
 4.409399986E+000 6.631172943E+001
 4.414400101E+000 6.631526947E+001
 4.419400215E+000 6.630951691E+001
 4.424399853E+000 6.628608704E+001
 4.429299831E+000 6.625718689E+001
 4.434299946E+000 6.624719238E+001
 4.439300060E+000 6.627825928E+001
 4.444300175E+000 6.635073853E+001
 4.449299812E+000 6.644341278E+001
 4.454299927E+000 6.653009033E+001
 4.459300041E+000 6.659564972E+001
 4.464300156E+000 6.663801575E+001
 4.469200134E+000 6.665790558E+001
 4.474199772E+000 6.665435028E+001
 4.479199886E+000 6.662892151E+001
 4.484200001E+000 6.659687042E+001
 4.489200115E+000 6.658500671E+001
 4.494200230E+000 6.661491394E+001
 4.499199867E+000 6.668379211E+001
 4.504199982E+000 6.676210022E+001
 4.509200096E+000 6.681372070E+001
 4.514100075E+000 6.682189178E+001
 4.519100189E+000 6.680242920E+001
 4.524099827E+000 6.678905487E+001
 4.529099941E+000 6.680393219E+001
 4.534100056E+000 6.684048462E+001
 4.539100170E+000 6.687525940E+001
 4.544099808E+000 6.689321899E+001
 4.549099922E+000 6.689897156E+001
 4.553999901E+000 6.690670776E+001
 4.559000015E+000 6.692465973E+001
 4.564000130E+000 6.695003510E+001
 4.568999767E+000 6.697784424E+001
 4.573999882E+000 6.700565338E+001
 4.578999996E+000 6.703037262E+001
 4.584000111E+000 6.704646301E+001
 4.589000225E+000 6.705207062E+001
 4.593900204E+000 6.705360413E+001
 4.598899841E+000 6.706010437E+001
 4.603899956E+000 6.707596588E+001
 4.608900070E+000 6.709985352E+001
 4.613900185E+000 6.712679291E+001
 4.618899822E+000 6.715334320E+001
 4.623899937E+000 6.718002319E+001
 4.628900051E+000 6.720697784E+001
 4.633900166E+000 6.723344421E+001
 4.638800144E+000 6.725980377E+001
 4.643799782E+000 6.728656769E+001
 4.648799896E+000 6.730943298E+001
 4.653800011E+000 6.732359314E+001
 4.658800125E+000 6.732413483E+001
 4.663799763E+000 6.731126404E+001
 4.668799877E+000 6.729582214E+001
 4.673799992E+000 6.729470825E+001
 4.678699970E+000 6.731944275E+001
 4.683700085E+000 6.736834717E+001
 4.688700199E+000 6.742282104E+001
 4.693699837E+000 6.746100616E+001
 4.698699951E+000 6.747260284E+001
 4.703700066E+000 6.746472168E+001
 4.708700180E+000 6.745362091E+001
 4.713699818E+000 6.745223999E+001
 4.718599796E+000 6.746385193E+001
 4.723599911E+000 6.748460388E+001
 4.728600025E+000 6.750852966E+001
 4.733600140E+000 6.753288269E+001
 4.738599777E+000 6.755709076E+001
 4.743599892E+000 6.758115387E+001
 4.748600006E+000 6.760506439E+001
 4.753600121E+000 6.762886810E+001
 4.758600235E+000 6.765260315E+001
 4.763500214E+000 6.767527771E+001
 4.768499851E+000 6.769498444E+001
 4.773499966E+000 6.770539093E+001
 4.778500080E+000 6.770193481E+001
 4.783500195E+000 6.768811035E+001
 4.788499832E+000 6.767691803E+001
 4.793499947E+000 6.768230438E+001
 4.798500061E+000 6.770612335E+001
 4.803400040E+000 6.773458862E+001
 4.808400154E+000 6.775274658E+001
 4.813399792E+000 6.775434875E+001
 4.818399906E+000 6.774837494E+001
 4.823400021E+000 6.775097656E+001
 4.828400135E+000 6.777320099E+001
 4.833399773E+000 6.781451416E+001
 4.838399887E+000 6.786086273E+001
 4.843299866E+000 6.788906860E+001
 4.848299980E+000 6.788611603E+001
 4.853300095E+000 6.785842896E+001
 4.858300209E+000 6.783038330E+001
 4.863299847E+000 6.782738495E+001
 4.868299961E+000 6.785615540E+001
 4.873300076E+000 6.790197754E+001
 4.878300190E+000 6.794633484E+001
 4.883299828E+000 6.798001862E+001
 4.888199806E+000 6.800027466E+001
 4.893199921E+000 6.800779724E+001
 4.898200035E+000 6.800379944E+001
 4.903200150E+000 6.799410248E+001
 4.908199787E+000 6.798902893E+001
 4.913199902E+000 6.799568939E+001
 4.918200016E+000 6.801186371E+001
 4.923200130E+000 6.803121948E+001
 4.928100109E+000 6.804979706E+001
 4.933100224E+000 6.806543732E+001
 4.938099861E+000 6.807193756E+001
 4.943099976E+000 6.806667328E+001
 4.948100090E+000 6.805930328E+001
 4.953100204E+000 6.806648254E+001
 4.958099842E+000 6.809313965E+001
 4.963099957E+000 6.812158966E+001
 4.967999935E+000 6.812648010E+001
 4.973000050E+000 6.810633850E+001
 4.978000164E+000 6.809019470E+001
 4.982999802E+000 6.810829926E+001
 4.987999916E+000 6.815943146E+001
 4.993000031E+000 6.820606995E+001
 4.998000145E+000 6.820098877E+001
 5.002999783E+000 6.812366486E+001
 5.007999897E+000 6.799600220E+001