 2.999999933E-002 3.263899994E+001
 3.500000015E-002 3.254700089E+001
 3.999999911E-002 3.247200012E+001
 4.500000179E-002 3.242200089E+001
 5.000000075E-002 3.241600037E+001
 5.499999970E-002 3.241799927E+001
 5.999999866E-002 3.244099808E+001
 6.499999762E-002 3.247900009E+001
 7.000000030E-002 3.252700043E+001
 7.500000298E-002 3.258300018E+001
 7.999999821E-002 3.264199829E+001
 8.500000089E-002 3.268899918E+001
 9.000000358E-002 3.274900055E+001
 9.499999881E-002 3.280799866E+001
 1.000000015E-001 3.286499786E+001
 1.049999967E-001 3.291899872E+001
 1.099999994E-001 3.297200012E+001
 1.150000021E-001 3.302199936E+001
 1.199999973E-001 3.306100082E+001
 1.250000000E-001 3.310900116E+001
 1.299999952E-001 3.315699768E+001
 1.350000054E-001 3.321300125E+001
 1.400000006E-001 3.326000214E+001
 1.449999958E-001 3.330799866E+001
 1.500000060E-001 3.335699844E+001
 1.550000012E-001 3.341300201E+001
 1.599999964E-001 3.346400070E+001
 1.650000066E-001 3.352199936E+001
 1.700000018E-001 3.357600021E+001
 1.749999970E-001 3.363600159E+001
 1.800000072E-001 3.369300079E+001
 1.850000024E-001 3.375499725E+001
 1.899999976E-001 3.381900024E+001
 1.949999928E-001 3.388299942E+001
 2.000000030E-001 3.394799805E+001
 2.049999982E-001 3.401399994E+001
 2.099999934E-001 3.408000183E+001
 2.150000036E-001 3.414799881E+001
 2.199999988E-001 3.421500015E+001
 2.249999940E-001 3.428300095E+001
 2.300000042E-001 3.435100174E+001
 2.349999994E-001 3.441799927E+001
 2.399999946E-001 3.448600006E+001
 2.450000048E-001 3.455300140E+001
 2.500000000E-001 3.461899948E+001
 2.549999952E-001 3.468499756E+001
 2.599999905E-001 3.474900055E+001
 2.649999857E-001 3.481299973E+001
 2.700000107E-001 3.487700272E+001
 2.750000060E-001 3.493700027E+001
 2.800000012E-001 3.499800110E+001
 2.849999964E-001 3.505599976E+001
 2.899999917E-001 3.511400223E+001
 2.949999869E-001 3.516900253E+001
 3.000000119E-001 3.522400284E+001
 3.050000072E-001 3.527799988E+001
 3.100000024E-001 3.532699966E+001
 3.149999976E-001 3.537700272E+001
 3.199999928E-001 3.542300034E+001
 3.249999881E-001 3.546900177E+001
 3.300000131E-001 3.551399994E+001
 3.350000083E-001 3.555300140E+001
 3.400000036E-001 3.559400177E+001
 3.449999988E-001 3.563299942E+001
 3.499999940E-001 3.566900253E+001
 3.549999893E-001 3.570100021E+001
 3.600000143E-001 3.573300171E+001
 3.650000095E-001 3.576399994E+001
 3.700000048E-001 3.579199982E+001
 3.750000000E-001 3.581799698E+001
 3.799999952E-001 3.584200287E+001
 3.849999905E-001 3.586399841E+001
 3.899999857E-001 3.588399887E+001
 3.950000107E-001 3.590200043E+001
 4.000000060E-001 3.591799927E+001
 4.050000012E-001 3.593399811E+001
 4.099999964E-001 3.594599915E+001
 4.149999917E-001 3.595600128E+001
 4.199999869E-001 3.596300125E+001
 4.250000119E-001 3.597100067E+001
 4.300000072E-001 3.597500229E+001
 4.350000024E-001 3.597900009E+001
 4.399999976E-001 3.597900009E+001
 4.449999928E-001 3.597900009E+001
 4.499999881E-001 3.597500229E+001
 4.550000131E-001 3.597200012E+001
 4.600000083E-001 3.596599960E+001
 4.650000036E-001 3.595700073E+001
 4.699999988E-001 3.594699860E+001
 4.749999940E-001 3.593600082E+001
 4.799999893E-001 3.592399979E+001
 4.850000143E-001 3.590900040E+001
 4.900000095E-001 3.589299774E+001
 4.950000048E-001 3.587500000E+001
 5.000000000E-001 3.585599899E+001
 5.049999952E-001 3.583499908E+001
 5.099999905E-001 3.581200027E+001
 5.149999857E-001 3.578800201E+001
 5.199999809E-001 3.576200104E+001
 5.249999762E-001 3.573600006E+001
 5.299999714E-001 3.570800018E+001
 5.350000262E-001 3.567800140E+001
 5.400000215E-001 3.564799881E+001
 5.450000167E-001 3.561500168E+001
 5.500000119E-001 3.558200073E+001
 5.550000072E-001 3.554700089E+001
 5.600000024E-001 3.551199722E+001
 5.649999976E-001 3.547500229E+001
 5.699999928E-001 3.543600082E+001
 5.749999881E-001 3.539699936E+001
 5.799999833E-001 3.535599899E+001
 5.849999785E-001 3.531499863E+001
 5.899999738E-001 3.527199936E+001
 5.950000286E-001 3.522800064E+001
 6.000000238E-001 3.518400192E+001
 6.050000191E-001 3.513800049E+001
 6.100000143E-001 3.509099960E+001
 6.150000095E-001 3.504299927E+001
 6.200000048E-001 3.499499893E+001
 6.250000000E-001 3.494599915E+001
 6.299999952E-001 3.489500046E+001
 6.349999905E-001 3.484399796E+001
 6.399999857E-001 3.479199982E+001
 6.449999809E-001 3.473900223E+001
 6.499999762E-001 3.468600082E+001
 6.549999714E-001 3.463199997E+001
 6.600000262E-001 3.457600021E+001
 6.650000215E-001 3.452099991E+001
 6.700000167E-001 3.446400070E+001
 6.750000119E-001 3.440799713E+001
 6.800000072E-001 3.434999847E+001
 6.850000024E-001 3.429100037E+001
 6.899999976E-001 3.423300171E+001
 6.949999928E-001 3.417300034E+001
 6.999999881E-001 3.411299896E+001
 7.049999833E-001 3.405199814E+001
 7.099999785E-001 3.399100113E+001
 7.149999738E-001 3.392900085E+001
 7.200000286E-001 3.386800003E+001
 7.250000238E-001 3.380500031E+001
 7.300000191E-001 3.374200058E+001
 7.350000143E-001 3.367900085E+001
 7.400000095E-001 3.361399841E+001
 7.450000048E-001 3.354999924E+001
 7.500000000E-001 3.348600006E+001
 7.549999952E-001 3.342100143E+001
 7.599999905E-001 3.335599899E+001
 7.649999857E-001 3.328999710E+001
 7.699999809E-001 3.322399902E+001
 7.749999762E-001 3.315800095E+001
 7.799999714E-001 3.309099960E+001
 7.850000262E-001 3.302399826E+001
 7.900000215E-001 3.295700073E+001
 7.950000167E-001 3.288899994E+001
 8.000000119E-001 3.282199860E+001
 8.050000072E-001 3.275299835E+001
 8.100000024E-001 3.268600082E+001
 8.149999976E-001 3.261700058E+001
 8.199999928E-001 3.254899979E+001
 8.249999881E-001 3.247999954E+001
 8.299999833E-001 3.241099930E+001
 8.349999785E-001 3.234299850E+001
 8.399999738E-001 3.227299881E+001
 8.450000286E-001 3.220399857E+001
 8.500000238E-001 3.213399887E+001
 8.550000191E-001 3.206600189E+001
 8.600000143E-001 3.199600029E+001
 8.650000095E-001 3.192599869E+001
 8.700000048E-001 3.185599899E+001
 8.750000000E-001 3.178599930E+001
 8.799999952E-001 3.171600151E+001
 8.849999905E-001 3.164599991E+001
 8.899999857E-001 3.157600021E+001
 8.949999809E-001 3.150600052E+001
 8.999999762E-001 3.143499947E+001
 9.049999714E-001 3.136500168E+001
 9.100000262E-001 3.129500008E+001
 9.150000215E-001 3.122500038E+001
 9.200000167E-001 3.115500069E+001
 9.250000119E-001 3.108499908E+001
 9.300000072E-001 3.101399803E+001
 9.350000024E-001 3.094400024E+001
 9.399999976E-001 3.087400055E+001
 9.449999928E-001 3.080400085E+001
 9.499999881E-001 3.073299980E+001
 9.549999833E-001 3.066399956E+001
 9.599999785E-001 3.059399986E+001
 9.649999738E-001 3.052300072E+001
 9.700000286E-001 3.045400047E+001
 9.750000238E-001 3.038500023E+001
 9.800000191E-001 3.031399918E+001
 9.850000143E-001 3.024500084E+001
 9.900000095E-001 3.017399979E+001
 9.950000048E-001 3.010499954E+001
 1.000000000E+000 3.003499985E+001
 1.004999995E+000 2.996699905E+001
 1.009999990E+000 2.989599800E+001
 1.014999986E+000 2.982799911E+001
 1.019999981E+000 2.975799942E+001
 1.024999976E+000 2.968899918E+001
 1.029999971E+000 2.962100029E+001
 1.034999967E+000 2.955099869E+001
 1.039999962E+000 2.948200035E+001
 1.044999957E+000 2.941500092E+001
 1.049999952E+000 2.934600067E+001
 1.054999948E+000 2.927700043E+001
 1.059999943E+000 2.920999908E+001
 1.065000057E+000 2.914200020E+001
 1.070000052E+000 2.907299995E+001
 1.075000048E+000 2.900500107E+001
 1.080000043E+000 2.893699837E+001
 1.085000038E+000 2.887100029E+001
 1.090000033E+000 2.880399895E+001
 1.095000029E+000 2.873600006E+001
 1.100000024E+000 2.866899872E+001
 1.105000019E+000 2.860199928E+001
 1.110000014E+000 2.853500175E+001
 1.115000010E+000 2.846800041E+001
 1.120000005E+000 2.840199852E+001
 1.125000000E+000 2.833500099E+001
 1.129999995E+000 2.826899910E+001
 1.134999990E+000 2.820300102E+001
 1.139999986E+000 2.813699913E+001
 1.144999981E+000 2.807200050E+001
 1.149999976E+000 2.800599861E+001
 1.154999971E+000 2.794100189E+001
 1.159999967E+000 2.787600136E+001
 1.164999962E+000 2.781100082E+001
 1.169999957E+000 2.774699974E+001
 1.174999952E+000 2.768200111E+001
 1.179999948E+000 2.761599922E+001
 1.184999943E+000 2.755200005E+001
 1.190000057E+000 2.748900032E+001
 1.195000052E+000 2.742500114E+001
 1.200000048E+000 2.736200142E+001
 1.205000043E+000 2.729899979E+001
 1.210000038E+000 2.723399925E+001
 1.215000033E+000 2.717099953E+001
 1.220000029E+000 2.710900116E+001
 1.225000024E+000 2.704599953E+001
 1.230000019E+000 2.698199844E+001
 1.235000014E+000 2.692100143E+001
 1.240000010E+000 2.685899925E+001
 1.245000005E+000 2.679599953E+001
 1.250000000E+000 2.673400116E+001
 1.254999995E+000 2.667300034E+001
 1.259999990E+000 2.661099815E+001
 1.264999986E+000 2.655000114E+001
 1.269999981E+000 2.648999977E+001
 1.274999976E+000 2.642799950E+001
 1.279999971E+000 2.636800194E+001
 1.284999967E+000 2.630599976E+001
 1.289999962E+000 2.624600029E+001
 1.294999957E+000 2.618500137E+001
 1.299999952E+000 2.612599945E+001
 1.304999948E+000 2.606699944E+001
 1.309999943E+000 2.600699806E+001
 1.315000057E+000 2.594799805E+001
 1.320000052E+000 2.588800049E+001
 1.325000048E+000 2.582999992E+001
 1.330000043E+000 2.576999855E+001
 1.335000038E+000 2.571299934E+001
 1.340000033E+000 2.565400124E+001
 1.345000029E+000 2.559600067E+001
 1.350000024E+000 2.553699875E+001
 1.355000019E+000 2.547900009E+001
 1.360000014E+000 2.542200089E+001
 1.365000010E+000 2.536399841E+001
 1.370000005E+000 2.530800056E+001
 1.375000000E+000 2.524999809E+001
 1.379999995E+000 2.519300079E+001
 1.384999990E+000 2.513699913E+001
 1.389999986E+000 2.507999992E+001
 1.394999981E+000 2.502499962E+001
 1.399999976E+000 2.496799850E+001
 1.404999971E+000 2.491200066E+001
 1.409999967E+000 2.485700035E+001
 1.414999962E+000 2.480099869E+001
 1.419999957E+000 2.474500084E+001
 1.424999952E+000 2.469099808E+001
 1.429999948E+000 2.463600159E+001
 1.434999943E+000 2.458100128E+001
 1.440000057E+000 2.452700043E+001
 1.445000052E+000 2.447200012E+001
 1.450000048E+000 2.441800117E+001
 1.455000043E+000 2.436300087E+001
 1.460000038E+000 2.431099892E+001
 1.465000033E+000 2.425699997E+001
 1.470000029E+000 2.420299911E+001
 1.475000024E+000 2.414999962E+001
 1.480000019E+000 2.409799957E+001
 1.485000014E+000 2.404500008E+001
 1.490000010E+000 2.399200058E+001
 1.495000005E+000 2.393899918E+001
 1.500000000E+000 2.388599968E+001
 1.504999995E+000 2.383499908E+001
 1.509999990E+000 2.378300095E+001
 1.514999986E+000 2.373100090E+001
 1.519999981E+000 2.367900085E+001
 1.524999976E+000 2.362799835E+001
 1.529999971E+000 2.357799911E+001
 1.534999967E+000 2.352700043E+001
 1.539999962E+000 2.347599983E+001
 1.544999957E+000 2.342499924E+001
 1.549999952E+000 2.337400055E+001
 1.554999948E+000 2.332400131E+001
 1.559999943E+000 2.327500153E+001
 1.565000057E+000 2.322500038E+001
 1.570000052E+000 2.317500114E+001
 1.575000048E+000 2.312500000E+001
 1.580000043E+000 2.307600021E+001
 1.585000038E+000 2.302599907E+001
 1.590000033E+000 2.297700119E+001
 1.595000029E+000 2.292800140E+001
 1.600000024E+000 2.287899971E+001
 1.605000019E+000 2.283099937E+001
 1.610000014E+000 2.278400040E+001
 1.615000010E+000 2.273600006E+001
 1.620000005E+000 2.268799973E+001
 1.625000000E+000 2.263999939E+001
 1.629999995E+000 2.259199905E+001
 1.634999990E+000 2.254500008E+001
 1.639999986E+000 2.249699974E+001
 1.644999981E+000 2.245000076E+001
 1.649999976E+000 2.240299988E+001
 1.654999971E+000 2.235600090E+001
 1.659999967E+000 2.230999947E+001
 1.664999962E+000 2.226299858E+001
 1.669999957E+000 2.221699905E+001
 1.674999952E+000 2.217100143E+001
 1.679999948E+000 2.212500000E+001
 1.684999943E+000 2.207900047E+001
 1.690000057E+000 2.203400040E+001
 1.695000052E+000 2.198800087E+001
 1.700000048E+000 2.194300079E+001
 1.705000043E+000 2.189800072E+001
 1.710000038E+000 2.185300064E+001
 1.715000033E+000 2.180799866E+001
 1.720000029E+000 2.176399994E+001
 1.725000024E+000 2.171899986E+001
 1.730000019E+000 2.167499924E+001
 1.735000014E+000 2.163100052E+001
 1.740000010E+000 2.158699989E+001
 1.745000005E+000 2.154299927E+001
 1.750000000E+000 2.150000000E+001
 1.754999995E+000 2.145600128E+001
 1.759999990E+000 2.141300011E+001
 1.764999986E+000 2.136999893E+001
 1.769999981E+000 2.132699966E+001
 1.774999976E+000 2.128400040E+001
 1.779999971E+000 2.124100113E+001
 1.784999967E+000 2.119900131E+001
 1.789999962E+000 2.115700150E+001
 1.794999957E+000 2.111400032E+001
 1.799999952E+000 2.107200050E+001
 1.804999948E+000 2.103000069E+001
 1.809999943E+000 2.098900032E+001
 1.815000057E+000 2.094699860E+001
 1.820000052E+000 2.090600014E+001
 1.825000048E+000 2.086499977E+001
 1.830000043E+000 2.082299995E+001
 1.835000038E+000 2.078199959E+001
 1.840000033E+000 2.074199867E+001
 1.845000029E+000 2.070100021E+001
 1.850000024E+000 2.066099930E+001
 1.855000019E+000 2.062000084E+001
 1.860000014E+000 2.057999992E+001
 1.865000010E+000 2.054000092E+001
 1.870000005E+000 2.050000000E+001
 1.875000000E+000 2.045899963E+001
 1.879999995E+000 2.041900063E+001
 1.884999990E+000 2.038000107E+001
 1.889999986E+000 2.034000015E+001
 1.894999981E+000 2.030100060E+001
 1.899999976E+000 2.026199913E+001
 1.904999971E+000 2.022299957E+001
 1.909999967E+000 2.018400002E+001
 1.914999962E+000 2.014599991E+001
 1.919999957E+000 2.010700035E+001
 1.924999952E+000 2.006900024E+001
 1.929999948E+000 2.003100014E+001
 1.934999943E+000 1.999300003E+001
 1.940000057E+000 1.995499992E+001
 1.945000052E+000 1.991699982E+001
 1.950000048E+000 1.987800026E+001
 1.955000043E+000 1.984000015E+001
 1.960000038E+000 1.980299950E+001
 1.965000033E+000 1.976600075E+001
 1.970000029E+000 1.972900009E+001
 1.975000024E+000 1.969199944E+001
 1.980000019E+000 1.965500069E+001
 1.985000014E+000 1.961800003E+001
 1.990000010E+000 1.958100128E+001
 1.995000005E+000 1.954500008E+001
 2.000000000E+000 1.950799942E+001
 2.005000114E+000 1.947200012E+001
 2.009999990E+000 1.943599892E+001
 2.015000105E+000 1.939999962E+001
 2.019999981E+000 1.936400032E+001
 2.025000095E+000 1.932699966E+001
 2.029999971E+000 1.929199982E+001
 2.035000086E+000 1.925600052E+001
 2.039999962E+000 1.922100067E+001
 2.045000076E+000 1.918599892E+001
 2.049999952E+000 1.915099907E+001
 2.055000067E+000 1.911600113E+001
 2.059999943E+000 1.908100128E+001
 2.065000057E+000 1.904599953E+001
 2.069999933E+000 1.901099968E+001
 2.075000048E+000 1.897700119E+001
 2.079999924E+000 1.894199944E+001
 2.085000038E+000 1.890800095E+001
 2.089999914E+000 1.887399864E+001
 2.095000029E+000 1.884000015E+001
 2.099999905E+000 1.880599976E+001
 2.105000019E+000 1.877200127E+001
 2.109999895E+000 1.873699951E+001
 2.115000010E+000 1.870400047E+001
 2.119999886E+000 1.867000008E+001
 2.125000000E+000 1.863699913E+001
 2.130000114E+000 1.860400009E+001
 2.134999990E+000 1.857100105E+001
 2.140000105E+000 1.853800011E+001
 2.144999981E+000 1.850500107E+001
 2.150000095E+000 1.847200012E+001
 2.154999971E+000 1.843899918E+001
 2.160000086E+000 1.840699959E+001
 2.164999962E+000 1.837400055E+001
 2.170000076E+000 1.834199905E+001
 2.174999952E+000 1.830999947E+001
 2.180000067E+000 1.827799988E+001
 2.184999943E+000 1.824600029E+001
 2.190000057E+000 1.821399879E+001
 2.194999933E+000 1.818199921E+001
 2.200000048E+000 1.814999962E+001
 2.204999924E+000 1.811900139E+001
 2.210000038E+000 1.808699989E+001
 2.214999914E+000 1.805599976E+001
 2.220000029E+000 1.802499962E+001
 2.224999905E+000 1.799399948E+001
 2.230000019E+000 1.796300125E+001
 2.234999895E+000 1.793199921E+001
 2.240000010E+000 1.790100098E+001
 2.244999886E+000 1.786999893E+001
 2.250000000E+000 1.783900070E+001
 2.255000114E+000 1.780900002E+001
 2.259999990E+000 1.777799988E+001
 2.265000105E+000 1.774800110E+001
 2.269999981E+000 1.771800041E+001
 2.275000095E+000 1.768799973E+001
 2.279999971E+000 1.765800095E+001
 2.285000086E+000 1.762800026E+001
 2.289999962E+000 1.759799957E+001
 2.295000076E+000 1.756799889E+001
 2.299999952E+000 1.753800011E+001
 2.305000067E+000 1.750899887E+001
 2.309999943E+000 1.747900009E+001
 2.315000057E+000 1.745000076E+001
 2.319999933E+000 1.742099953E+001
 2.325000048E+000 1.739200020E+001
 2.329999924E+000 1.736200142E+001
 2.335000038E+000 1.733399963E+001
 2.339999914E+000 1.730500031E+001
 2.345000029E+000 1.727599907E+001
 2.349999905E+000 1.724699974E+001
 2.355000019E+000 1.721899986E+001
 2.359999895E+000 1.719000053E+001
 2.365000010E+000 1.716199875E+001
 2.369999886E+000 1.713299942E+001
 2.375000000E+000 1.710499954E+001
 2.380000114E+000 1.707799911E+001
 2.384999990E+000 1.705000114E+001
 2.390000105E+000 1.702199936E+001
 2.394999981E+000 1.699399948E+001
 2.400000095E+000 1.696599960E+001
 2.404999971E+000 1.693799973E+001
 2.410000086E+000 1.691099930E+001
 2.414999962E+000 1.688299942E+001
 2.420000076E+000 1.685599899E+001
 2.424999952E+000 1.682799911E+001
 2.430000067E+000 1.680099869E+001
 2.434999943E+000 1.677400017E+001
 2.440000057E+000 1.674800110E+001
 2.444999933E+000 1.672100067E+001
 2.450000048E+000 1.669400024E+001
 2.454999924E+000 1.666699982E+001
 2.460000038E+000 1.663999939E+001
 2.464999914E+000 1.661299896E+001
 2.470000029E+000 1.658699989E+001
 2.474999905E+000 1.655999947E+001
 2.480000019E+000 1.653499985E+001
 2.484999895E+000 1.650799942E+001
 2.490000010E+000 1.648200035E+001
 2.494999886E+000 1.645599937E+001
 2.500000000E+000 1.643000031E+001
 2.505000114E+000 1.640399933E+001
 2.509999990E+000 1.637899971E+001
 2.515000105E+000 1.635299873E+001
 2.519999981E+000 1.632699966E+001
 2.525000095E+000 1.630100060E+001
 2.529999971E+000 1.627600098E+001
 2.535000086E+000 1.625000000E+001
 2.539999962E+000 1.622599983E+001
 2.545000076E+000 1.619999886E+001
 2.549999952E+000 1.617499924E+001
 2.555000067E+000 1.615000153E+001
 2.559999943E+000 1.612500000E+001
 2.565000057E+000 1.610000038E+001
 2.569999933E+000 1.607500076E+001
 2.575000048E+000 1.604999924E+001
 2.579999924E+000 1.602600098E+001
 2.585000038E+000 1.600099945E+001
 2.589999914E+000 1.597699928E+001
 2.595000029E+000 1.595200062E+001
 2.599999905E+000 1.592799950E+001
 2.605000019E+000 1.590299988E+001
 2.609999895E+000 1.588000011E+001
 2.615000010E+000 1.585500050E+001
 2.619999886E+000 1.583099937E+001
 2.625000000E+000 1.580700016E+001
 2.630000114E+000 1.578299999E+001
 2.634999990E+000 1.575900078E+001
 2.640000105E+000 1.573499966E+001
 2.644999981E+000 1.571200085E+001
 2.650000095E+000 1.568799973E+001
 2.654999971E+000 1.566500092E+001
 2.660000086E+000 1.564099979E+001
 2.664999962E+000 1.561800098E+001
 2.670000076E+000 1.559500027E+001
 2.674999952E+000 1.557100010E+001
 2.680000067E+000 1.554800034E+001
 2.684999943E+000 1.552499962E+001
 2.690000057E+000 1.550199890E+001
 2.694999933E+000 1.547900009E+001
 2.700000048E+000 1.545600033E+001
 2.704999924E+000 1.543299961E+001
 2.710000038E+000 1.541000080E+001
 2.714999914E+000 1.538800049E+001
 2.720000029E+000 1.536499977E+001
 2.724999905E+000 1.534200001E+001
 2.730000019E+000 1.531999969E+001
 2.734999895E+000 1.529800034E+001
 2.740000010E+000 1.527600002E+001
 2.744999886E+000 1.525300026E+001
 2.750000000E+000 1.523099995E+001
 2.755000114E+000 1.520899963E+001
 2.759999990E+000 1.518700027E+001
 2.765000105E+000 1.516499996E+001
 2.769999981E+000 1.514300060E+001
 2.775000095E+000 1.512100029E+001
 2.779999971E+000 1.510000038E+001
 2.785000086E+000 1.507800007E+001
 2.789999962E+000 1.505600071E+001
 2.795000076E+000 1.503400040E+001
 2.799999952E+000 1.501299953E+001
 2.805000067E+000 1.499200058E+001
 2.809999943E+000 1.497000027E+001
 2.815000057E+000 1.494900036E+001
 2.819999933E+000 1.492700005E+001
 2.825000048E+000 1.490599918E+001
 2.829999924E+000 1.488500023E+001
 2.835000038E+000 1.486399937E+001
 2.839999914E+000 1.484300041E+001
 2.845000029E+000 1.482199955E+001
 2.849999905E+000 1.480100060E+001
 2.855000019E+000 1.477999973E+001
 2.859999895E+000 1.475999928E+001
 2.865000010E+000 1.473900032E+001
 2.869999886E+000 1.471799946E+001
 2.875000000E+000 1.469700050E+001
 2.880000114E+000 1.467700005E+001
 2.884999990E+000 1.465599918E+001
 2.890000105E+000 1.463600063E+001
 2.894999981E+000 1.461600018E+001
 2.900000095E+000 1.459600067E+001
 2.904999971E+000 1.457600021E+001
 2.910000086E+000 1.455499935E+001
 2.914999962E+000 1.453499985E+001
 2.920000076E+000 1.451499939E+001
 2.924999952E+000 1.449500084E+001
 2.930000067E+000 1.447500038E+001
 2.934999943E+000 1.445499992E+001
 2.940000057E+000 1.443599987E+001
 2.944999933E+000 1.441599941E+001
 2.950000048E+000 1.439600086E+001
 2.954999924E+000 1.437600040E+001
 2.960000038E+000 1.435699940E+001
 2.964999914E+000 1.433800030E+001
 2.970000029E+000 1.431799984E+001
 2.974999905E+000 1.429900074E+001
 2.980000019E+000 1.427900028E+001
 2.984999895E+000 1.426000023E+001
 2.990000010E+000 1.424099922E+001
 2.994999886E+000 1.422099972E+001
 3.000000000E+000 1.420199966E+001
 3.005000114E+000 1.418300056E+001
 3.009999990E+000 1.416399956E+001
 3.015000105E+000 1.414499950E+001
 3.019999981E+000 1.412699986E+001
 3.025000095E+000 1.410699940E+001
 3.029999971E+000 1.408900070E+001
 3.035000086E+000 1.406999969E+001
 3.039999962E+000 1.405099964E+001
 3.045000076E+000 1.403299999E+001
 3.049999952E+000 1.401399994E+001
 3.055000067E+000 1.399599934E+001
 3.059999943E+000 1.397700024E+001
 3.065000057E+000 1.395899963E+001
 3.069999933E+000 1.394000053E+001
 3.075000048E+000 1.392199993E+001
 3.079999924E+000 1.390399933E+001
 3.085000038E+000 1.388500023E+001
 3.089999914E+000 1.386699963E+001
 3.095000029E+000 1.384899998E+001
 3.099999905E+000 1.383100033E+001
 3.105000019E+000 1.381299973E+001
 3.109999895E+000 1.379500103E+001
 3.115000010E+000 1.377700043E+001
 3.119999886E+000 1.375899982E+001
 3.125000000E+000 1.374099922E+001
 3.130000114E+000 1.372399998E+001
 3.134999990E+000 1.370600033E+001
 3.140000105E+000 1.368899918E+001
 3.144999981E+000 1.367100048E+001
 3.150000095E+000 1.365299988E+001
 3.154999971E+000 1.363600063E+001
 3.160000086E+000 1.361800003E+001
 3.164999962E+000 1.360099983E+001
 3.170000076E+000 1.358400059E+001
 3.174999952E+000 1.356599998E+001
 3.180000067E+000 1.354899979E+001
 3.184999943E+000 1.353200054E+001
 3.190000057E+000 1.351399994E+001
 3.194999933E+000 1.349699974E+001
 3.200000048E+000 1.348000050E+001
 3.204999924E+000 1.346300030E+001
 3.210000038E+000 1.344600010E+001
 3.214999914E+000 1.343000031E+001
 3.220000029E+000 1.341300011E+001
 3.224999905E+000 1.339599991E+001
 3.230000019E+000 1.337900066E+001
 3.234999895E+000 1.336200047E+001
 3.240000010E+000 1.334599972E+001
 3.244999886E+000 1.332900047E+001
 3.250000000E+000 1.331200027E+001
 3.255000114E+000 1.329500008E+001
 3.259999990E+000 1.327900028E+001
 3.265000105E+000 1.326200008E+001
 3.269999981E+000 1.324599934E+001
 3.275000095E+000 1.323000050E+001
 3.279999971E+000 1.321300030E+001
 3.285000086E+000 1.319699955E+001
 3.289999962E+000 1.318100071E+001
 3.295000076E+000 1.316400051E+001
 3.299999952E+000 1.314799976E+001
 3.305000067E+000 1.313299942E+001
 3.309999943E+000 1.311700058E+001
 3.315000057E+000 1.309999943E+001
 3.319999933E+000 1.308399963E+001
 3.325000048E+000 1.306799984E+001
 3.329999924E+000 1.305299950E+001
 3.335000038E+000 1.303699970E+001
 3.339999914E+000 1.302099991E+001
 3.345000029E+000 1.300500011E+001
 3.349999905E+000 1.298899937E+001
 3.355000019E+000 1.297300053E+001
 3.359999895E+000 1.295800018E+001
 3.365000010E+000 1.294199944E+001
 3.369999886E+000 1.292699909E+001
 3.375000000E+000 1.291100025E+001
 3.380000114E+000 1.289599991E+001
 3.384999990E+000 1.287999916E+001
 3.390000105E+000 1.286499977E+001
 3.394999981E+000 1.284899998E+001
 3.400000095E+000 1.283399963E+001
 3.404999971E+000 1.281900024E+001
 3.410000086E+000 1.280399990E+001
 3.414999962E+000 1.278800011E+001
 3.420000076E+000 1.277300072E+001
 3.424999952E+000 1.275800037E+001
 3.430000067E+000 1.274300003E+001
 3.434999943E+000 1.272800064E+001
 3.440000057E+000 1.271300030E+001
 3.444999933E+000 1.269799995E+001
 3.450000048E+000 1.268299961E+001
 3.454999924E+000 1.266800022E+001
 3.460000038E+000 1.265299988E+001
 3.464999914E+000 1.263799953E+001
 3.470000029E+000 1.262400055E+001
 3.474999905E+000 1.260900021E+001
 3.480000019E+000 1.259399986E+001
 3.484999895E+000 1.258000088E+001
 3.490000010E+000 1.256500053E+001
 3.494999886E+000 1.255099964E+001
 3.500000000E+000 1.253599930E+001
 3.505000114E+000 1.252199936E+001
 3.509999990E+000 1.250699997E+001
 3.515000105E+000 1.249199963E+001
 3.519999981E+000 1.247799969E+001
 3.525000095E+000 1.246400070E+001
 3.529999971E+000 1.244900036E+001
 3.535000086E+000 1.243499947E+001
 3.539999962E+000 1.242100048E+001
 3.545000076E+000 1.240700054E+001
 3.549999952E+000 1.239299965E+001
 3.555000067E+000 1.237799931E+001
 3.559999943E+000 1.236400032E+001
 3.565000057E+000 1.235000038E+001
 3.569999933E+000 1.233599949E+001
 3.575000048E+000 1.232200050E+001
 3.579999924E+000 1.230800056E+001
 3.585000038E+000 1.229399967E+001
 3.589999914E+000 1.227999973E+001
 3.595000029E+000 1.226600075E+001
 3.599999905E+000 1.225300026E+001
 3.605000019E+000 1.223900032E+001
 3.609999895E+000 1.222499943E+001
 3.615000010E+000 1.221100044E+001
 3.619999886E+000 1.219799995E+001
 3.625000000E+000 1.218400002E+001
 3.630000114E+000 1.217099953E+001
 3.634999990E+000 1.215700054E+001
 3.640000105E+000 1.214400005E+001
 3.644999981E+000 1.213000011E+001
 3.650000095E+000 1.211700058E+001
 3.654999971E+000 1.210300064E+001
 3.660000086E+000 1.209000015E+001
 3.664999962E+000 1.207599926E+001
 3.670000076E+000 1.206300068E+001
 3.674999952E+000 1.204899979E+001
 3.680000067E+000 1.203600025E+001
 3.684999943E+000 1.202299976E+001
 3.690000057E+000 1.201000023E+001
 3.694999933E+000 1.199600029E+001
 3.700000048E+000 1.198299980E+001
 3.704999924E+000 1.197099972E+001
 3.710000038E+000 1.195700073E+001
 3.714999914E+000 1.194400024E+001
 3.720000029E+000 1.193099976E+001
 3.724999905E+000 1.191799927E+001
 3.730000019E+000 1.190500069E+001
 3.734999895E+000 1.189200020E+001
 3.740000010E+000 1.187899971E+001
 3.744999886E+000 1.186700058E+001
 3.750000000E+000 1.185400009E+001
 3.755000114E+000 1.184099960E+001
 3.759999990E+000 1.182800007E+001
 3.765000105E+000 1.181500053E+001
 3.769999981E+000 1.180300045E+001
 3.775000095E+000 1.178999996E+001
 3.779999971E+000 1.177699947E+001
 3.785000086E+000 1.176499939E+001
 3.789999962E+000 1.175199986E+001
 3.795000076E+000 1.173999977E+001
 3.799999952E+000 1.172699928E+001
 3.805000067E+000 1.171499920E+001
 3.809999943E+000 1.170200062E+001
 3.815000057E+000 1.168999958E+001
 3.819999933E+000 1.167700005E+001
 3.825000048E+000 1.166500092E+001
 3.829999924E+000 1.165299988E+001
 3.835000038E+000 1.164099979E+001
 3.839999914E+000 1.162800026E+001
 3.845000029E+000 1.161599922E+001
 3.849999905E+000 1.160400009E+001
 3.855000019E+000 1.159200001E+001
 3.859999895E+000 1.157899952E+001
 3.865000010E+000 1.156699944E+001
 3.869999886E+000 1.155500031E+001
 3.875000000E+000 1.154300022E+001
 3.880000114E+000 1.153100014E+001
 3.884999990E+000 1.151900005E+001
 3.890000105E+000 1.150699997E+001
 3.894999981E+000 1.149499989E+001
 3.900000095E+000 1.148299980E+001
 3.904999971E+000 1.147099972E+001
 3.910000086E+000 1.145900059E+001
 3.914999962E+000 1.144699955E+001
 3.920000076E+000 1.143599987E+001
 3.924999952E+000 1.142399979E+001
 3.930000067E+000 1.141200066E+001
 3.934999943E+000 1.139999962E+001
 3.940000057E+000 1.138899994E+001
 3.944999933E+000 1.137699986E+001
 3.950000048E+000 1.136499977E+001
 3.954999924E+000 1.135299969E+001
 3.960000038E+000 1.134200001E+001
 3.964999914E+000 1.132999992E+001
 3.970000029E+000 1.131900024E+001
 3.974999905E+000 1.130700016E+001
 3.980000019E+000 1.129599953E+001
 3.984999895E+000 1.128399944E+001
 3.990000010E+000 1.127299976E+001
 3.994999886E+000 1.126100063E+001
 4.000000000E+000 1.125000000E+001
 4.005000114E+000 1.123799992E+001
 4.010000229E+000 1.122700024E+001
 4.014999866E+000 1.121599960E+001
 4.019999981E+000 1.120400047E+001
 4.025000095E+000 1.119299984E+001
 4.030000210E+000 1.118200016E+001
 4.034999847E+000 1.117100048E+001
 4.039999962E+000 1.115999985E+001
 4.045000076E+000 1.114900017E+001
 4.050000191E+000 1.113700008E+001
 4.054999828E+000 1.112600040E+001
 4.059999943E+000 1.111499977E+001
 4.065000057E+000 1.110400009E+001
 4.070000172E+000 1.109300041E+001
 4.074999809E+000 1.108199978E+001
 4.079999924E+000 1.107100010E+001
 4.085000038E+000 1.105999947E+001
 4.090000153E+000 1.104899979E+001
 4.094999790E+000 1.103800011E+001
 4.099999905E+000 1.102700043E+001
 4.105000019E+000 1.101599979E+001
 4.110000134E+000 1.100600052E+001
 4.114999771E+000 1.099499989E+001
 4.119999886E+000 1.098400021E+001
 4.125000000E+000 1.097300053E+001
 4.130000114E+000 1.096300030E+001
 4.135000229E+000 1.095200062E+001
 4.139999866E+000 1.094099998E+001
 4.144999981E+000 1.093100071E+001
 4.150000095E+000 1.092000008E+001
 4.155000210E+000 1.090899944E+001
 4.159999847E+000 1.089799976E+001
 4.164999962E+000 1.088799953E+001
 4.170000076E+000 1.087699986E+001
 4.175000191E+000 1.086699963E+001
 4.179999828E+000 1.085599995E+001
 4.184999943E+000 1.084599972E+001
 4.190000057E+000 1.083500004E+001
 4.195000172E+000 1.082499981E+001
 4.199999809E+000 1.081499958E+001
 4.204999924E+000 1.080399990E+001
 4.210000038E+000 1.079399967E+001
 4.215000153E+000 1.078399944E+001
 4.219999790E+000 1.077299976E+001
 4.224999905E+000 1.076299953E+001
 4.230000019E+000 1.075299931E+001
 4.235000134E+000 1.074199963E+001
 4.239999771E+000 1.073199940E+001
 4.244999886E+000 1.072200012E+001
 4.250000000E+000 1.071199989E+001
 4.255000114E+000 1.070099926E+001
 4.260000229E+000 1.069099998E+001
 4.264999866E+000 1.068100071E+001
 4.269999981E+000 1.067100048E+001
 4.275000095E+000 1.066100025E+001
 4.280000210E+000 1.065100002E+001
 4.284999847E+000 1.064099979E+001
 4.289999962E+000 1.063099957E+001
 4.295000076E+000 1.062100029E+001
 4.300000191E+000 1.061100006E+001
 4.304999828E+000 1.060099983E+001
 4.309999943E+000 1.059099960E+001
 4.315000057E+000 1.058100033E+001
 4.320000172E+000 1.057100010E+001
 4.324999809E+000 1.056200027E+001
 4.329999924E+000 1.055200005E+001
 4.335000038E+000 1.054199982E+001
 4.340000153E+000 1.053199959E+001
 4.344999790E+000 1.052200031E+001
 4.349999905E+000 1.051200008E+001
 4.355000019E+000 1.050300026E+001
 4.360000134E+000 1.049300003E+001
 4.364999771E+000 1.048299980E+001
 4.369999886E+000 1.047300053E+001
 4.375000000E+000 1.046399975E+001
 4.380000114E+000 1.045399952E+001
 4.385000229E+000 1.044499969E+001
 4.389999866E+000 1.043500042E+001
 4.394999981E+000 1.042500019E+001
 4.400000095E+000 1.041600037E+001
 4.405000210E+000 1.040600014E+001
 4.409999847E+000 1.039699936E+001
 4.414999962E+000 1.038700008E+001
 4.420000076E+000 1.037800026E+001
 4.425000191E+000 1.036800003E+001
 4.429999828E+000 1.035900021E+001
 4.434999943E+000 1.034899998E+001
 4.440000057E+000 1.034000015E+001
 4.445000172E+000 1.033100033E+001
 4.449999809E+000 1.032100010E+001
 4.454999924E+000 1.031200027E+001
 4.460000038E+000 1.030299950E+001
 4.465000153E+000 1.029300022E+001
 4.469999790E+000 1.028400040E+001
 4.474999905E+000 1.027499962E+001
 4.480000019E+000 1.026500034E+001
 4.485000134E+000 1.025599957E+001
 4.489999771E+000 1.024700069E+001
 4.494999886E+000 1.023799992E+001
 4.500000000E+000 1.022900009E+001
 4.505000114E+000 1.021999931E+001
 4.510000229E+000 1.021000004E+001
 4.514999866E+000 1.020100021E+001
 4.519999981E+000 1.019200039E+001
 4.525000095E+000 1.018299961E+001
 4.530000210E+000 1.017400074E+001
 4.534999847E+000 1.016499996E+001
 4.539999962E+000 1.015600014E+001
 4.545000076E+000 1.014699936E+001
 4.550000191E+000 1.013800049E+001
 4.554999828E+000 1.012899971E+001
 4.559999943E+000 1.011999989E+001
 4.565000057E+000 1.011100006E+001
 4.570000172E+000 1.010200024E+001
 4.574999809E+000 1.009300041E+001
 4.579999924E+000 1.008399963E+001
 4.585000038E+000 1.007499981E+001
 4.590000153E+000 1.006700039E+001
 4.594999790E+000 1.005799961E+001
 4.599999905E+000 1.004900074E+001
 4.605000019E+000 1.003999996E+001
 4.610000134E+000 1.003199959E+001
 4.614999771E+000 1.002300072E+001
 4.619999886E+000 1.001399994E+001
 4.625000000E+000 1.000500011E+001
 4.630000114E+000 9.996500015E+000
 4.635000229E+000 9.987799644E+000
 4.639999866E+000 9.979199409E+000
 4.644999981E+000 9.970499992E+000
 4.650000095E+000 9.961899757E+000
 4.655000210E+000 9.953300476E+000
 4.659999847E+000 9.944700241E+000
 4.664999962E+000 9.936100006E+000
 4.670000076E+000 9.927599907E+000
 4.675000191E+000 9.919000626E+000
 4.679999828E+000 9.910500526E+000
 4.684999943E+000 9.901999474E+000
 4.690000057E+000 9.893499374E+000
 4.695000172E+000 9.885000229E+000
 4.699999809E+000 9.876500130E+000
 4.704999924E+000 9.868000031E+000
 4.710000038E+000 9.859600067E+000
 4.715000153E+000 9.851200104E+000
 4.719999790E+000 9.842800140E+000
 4.724999905E+000 9.834400177E+000
 4.730000019E+000 9.826000214E+000
 4.735000134E+000 9.817600250E+000
 4.739999771E+000 9.809299469E+000
 4.744999886E+000 9.800900459E+000
 4.750000000E+000 9.792600632E+000
 4.755000114E+000 9.784299850E+000
 4.760000229E+000 9.776000023E+000
 4.764999866E+000 9.767700195E+000
 4.769999981E+000 9.759400368E+000
 4.775000095E+000 9.751200676E+000
 4.780000210E+000 9.742899895E+000
 4.784999847E+000 9.734999657E+000
 4.789999962E+000 9.726699829E+000
 4.795000076E+000 9.718500137E+000
 4.800000191E+000 9.710400581E+000
 4.804999828E+000 9.702199936E+000
 4.809999943E+000 9.694000244E+000
 4.815000057E+000 9.685900688E+000
 4.820000172E+000 9.678000450E+000
 4.824999809E+000 9.669899940E+000
 4.829999924E+000 9.661799431E+000
 4.835000038E+000 9.653699875E+000
 4.840000153E+000 9.645599365E+000
 4.844999790E+000 9.637800217E+000
 4.849999905E+000 9.629799843E+000
 4.855000019E+000 9.621700287E+000
 4.860000134E+000 9.613699913E+000
 4.864999771E+000 9.605699539E+000
 4.869999886E+000 9.597900391E+000
 4.875000000E+000 9.590000153E+000
 4.880000114E+000 9.581999779E+000
 4.885000229E+000 9.574099541E+000
 4.889999866E+000 9.566300392E+000
 4.894999981E+000 9.558400154E+000
 4.900000095E+000 9.550499916E+000
 4.905000210E+000 9.542600632E+000
 4.909999847E+000 9.534999847E+000
 4.914999962E+000 9.527099609E+000
 4.920000076E+000 9.519200325E+000
 4.925000191E+000 9.511600494E+000
 4.929999828E+000 9.503799438E+000
 4.934999943E+000 9.496000290E+000
 4.940000057E+000 9.488399506E+000
 4.945000172E+000 9.480600357E+000
 4.949999809E+000 9.472800255E+000
 4.954999924E+000 9.465200424E+000
 4.960000038E+000 9.457500458E+000
 4.965000153E+000 9.449800491E+000
 4.969999790E+000 9.442199707E+000
 4.974999905E+000 9.434499741E+000
 4.980000019E+000 9.426799774E+000
 4.985000134E+000 9.419300079E+000
 4.989999771E+000 9.411700249E+000
 4.994999886E+000 9.404199600E+000
 5.000000000E+000 9.396599770E+000
 5.005000114E+000 9.388899803E+000
 5.010000229E+000 9.381500244E+000
 5.014999866E+000 9.373900414E+000
 5.019999981E+000 9.366499901E+000
 5.025000095E+000 9.358900070E+000
 5.030000210E+000 9.351299286E+000