2.999999933E-002 1.087400055E+001
 3.500000015E-002 1.056700039E+001
 3.999999911E-002 1.027799988E+001
 4.500000179E-002 1.002699947E+001
 5.000000075E-002 9.795399666E+000
 5.499999970E-002 9.569899559E+000
 5.999999866E-002 9.358900070E+000
 6.499999762E-002 9.160499573E+000
 7.000000030E-002 8.980000496E+000
 7.500000298E-002 8.801799774E+000
 7.999999821E-002 8.632300377E+000
 8.500000089E-002 8.470900536E+000
 9.000000358E-002 8.316800117E+000
 9.499999881E-002 8.164500237E+000
 1.000000015E-001 8.023699760E+000
 1.049999967E-001 7.888599873E+000
 1.099999994E-001 7.754700184E+000
 1.150000021E-001 7.626299858E+000
 1.199999973E-001 7.506600380E+000
 1.250000000E-001 7.387800217E+000
 1.299999952E-001 7.273300171E+000
 1.350000054E-001 7.163000107E+000
 1.400000006E-001 7.056499958E+000
 1.449999958E-001 6.950799942E+000
 1.500000060E-001 6.851599693E+000
 1.550000012E-001 6.752799988E+000
 1.599999964E-001 6.660000324E+000
 1.650000066E-001 6.567600250E+000
 1.700000018E-001 6.478099823E+000
 1.749999970E-001 6.391399860E+000
 1.800000072E-001 6.305000305E+000
 1.850000024E-001 6.223599911E+000
 1.899999976E-001 6.142399788E+000
 1.949999928E-001 6.065800190E+000
 2.000000030E-001 5.989300251E+000
 2.049999982E-001 5.914999962E+000
 2.099999934E-001 5.842800140E+000
 2.150000036E-001 5.772699833E+000
 2.199999988E-001 5.702699661E+000
 2.249999940E-001 5.636400223E+000
 2.300000042E-001 5.570199966E+000
 2.349999994E-001 5.507600307E+000
 2.399999946E-001 5.444900036E+000
 2.450000048E-001 5.383899689E+000
 2.500000000E-001 5.324500084E+000
 2.549999952E-001 5.266699791E+000
 2.599999905E-001 5.210400105E+000
 2.649999857E-001 5.153999805E+000
 2.700000107E-001 5.100600243E+000
 2.750000060E-001 5.047100067E+000
 2.800000012E-001 4.994899750E+000
 2.849999964E-001 4.945499897E+000
 2.899999917E-001 4.895899773E+000
 2.949999869E-001 4.847599983E+000
 3.000000119E-001 4.800400257E+000
 3.050000072E-001 4.754399776E+000
 3.100000024E-001 4.708199978E+000
 3.149999976E-001 4.664500237E+000
 3.199999928E-001 4.621699810E+000
 3.249999881E-001 4.578800201E+000
 3.300000131E-001 4.536900043E+000
 3.350000083E-001 4.497100353E+000
 3.400000036E-001 4.457200050E+000
 3.449999988E-001 4.418099880E+000
 3.499999940E-001 4.380000114E+000
 3.549999893E-001 4.342700005E+000
 3.600000143E-001 4.306300163E+000
 3.650000095E-001 4.270800114E+000
 3.700000048E-001 4.236000061E+000
 3.750000000E-001 4.200999737E+000
 3.799999952E-001 4.167699814E+000
 3.849999905E-001 4.134200096E+000
 3.899999857E-001 4.102499962E+000
 3.950000107E-001 4.070499897E+000
 4.000000060E-001 4.040100098E+000
 4.050000012E-001 4.009399891E+000
 4.099999964E-001 3.979399920E+000
 4.149999917E-001 3.950099945E+000
 4.199999869E-001 3.921299934E+000
 4.250000119E-001 3.893199921E+000
 4.300000072E-001 3.865700006E+000
 4.350000024E-001 3.838799953E+000
 4.399999976E-001 3.812399864E+000
 4.449999928E-001 3.785700083E+000
 4.499999881E-001 3.760399818E+000
 4.550000131E-001 3.734800100E+000
 4.600000083E-001 3.710500002E+000
 4.650000036E-001 3.685899973E+000
 4.699999988E-001 3.662699938E+000
 4.749999940E-001 3.638999939E+000
 4.799999893E-001 3.615900040E+000
 4.850000143E-001 3.594000101E+000
 4.900000095E-001 3.571799994E+000
 4.950000048E-001 3.549999952E+000
 5.000000000E-001 3.528600216E+000
 5.049999952E-001 3.507700205E+000
 5.099999905E-001 3.487200022E+000
 5.149999857E-001 3.467000008E+000
 5.199999809E-001 3.447299719E+000
 5.249999762E-001 3.427200079E+000
 5.299999714E-001 3.408199787E+000
 5.350000262E-001 3.389499903E+000
 5.400000215E-001 3.370500088E+000
 5.450000167E-001 3.352599859E+000
 5.500000119E-001 3.334300041E+000
 5.550000072E-001 3.317000151E+000
 5.600000024E-001 3.299400091E+000
 5.649999976E-001 3.282799959E+000
 5.699999928E-001 3.265799999E+000
 5.749999881E-001 3.249100208E+000
 5.799999833E-001 3.233400106E+000
 5.849999785E-001 3.217299938E+000
 5.899999738E-001 3.201499939E+000
 5.950000286E-001 3.185999870E+000
 6.000000238E-001 3.170800209E+000
 6.050000191E-001 3.155800104E+000
 6.100000143E-001 3.141099930E+000
 6.150000095E-001 3.126700163E+000
 6.200000048E-001 3.112499952E+000
 6.250000000E-001 3.098500013E+000
 6.299999952E-001 3.084199905E+000
 6.349999905E-001 3.070799828E+000
 6.399999857E-001 3.057499886E+000
 6.449999809E-001 3.043999910E+000
 6.499999762E-001 3.031199932E+000
 6.549999714E-001 3.018100023E+000
 6.600000262E-001 3.005699873E+000
 6.650000215E-001 2.992999792E+000
 6.700000167E-001 2.981100082E+000
 6.750000119E-001 2.968799829E+000
 6.800000072E-001 2.957300186E+000
 6.850000024E-001 2.945400000E+000
 6.899999976E-001 2.933700085E+000
 6.949999928E-001 2.922199965E+000
 6.999999881E-001 2.911399841E+000
 7.049999833E-001 2.900300026E+000
 7.099999785E-001 2.889300108E+000
 7.149999738E-001 2.878499985E+000
 7.200000286E-001 2.867899895E+000
 7.250000238E-001 2.857500076E+000
 7.300000191E-001 2.847199917E+000
 7.350000143E-001 2.837100029E+000
 7.400000095E-001 2.827100039E+000
 7.450000048E-001 2.817299843E+000
 7.500000000E-001 2.807699919E+000
 7.549999952E-001 2.797699928E+000
 7.599999905E-001 2.788399935E+000
 7.649999857E-001 2.779200077E+000
 7.699999809E-001 2.769600153E+000
 7.749999762E-001 2.760699987E+000
 7.799999714E-001 2.751899958E+000
 7.850000262E-001 2.742799997E+000
 7.900000215E-001 2.734300137E+000
 7.950000167E-001 2.725399971E+000
 8.000000119E-001 2.717100143E+000
 8.050000072E-001 2.708499908E+000
 8.100000024E-001 2.700500011E+000
 8.149999976E-001 2.692199945E+000
 8.199999928E-001 2.683899879E+000
 8.249999881E-001 2.676199913E+000
 8.299999833E-001 2.668200016E+000
 8.349999785E-001 2.660399914E+000
 8.399999738E-001 2.652999878E+000
 8.450000286E-001 2.645300150E+000
 8.500000238E-001 2.637799978E+000
 8.550000191E-001 2.630300045E+000
 8.600000143E-001 2.622999907E+000
 8.650000095E-001 2.615799904E+000
 8.700000048E-001 2.608599901E+000
 8.750000000E-001 2.601599932E+000
 8.799999952E-001 2.594599962E+000
 8.849999905E-001 2.587800026E+000
 8.899999857E-001 2.580999851E+000
 8.949999809E-001 2.574300051E+000
 8.999999762E-001 2.567699909E+000
 9.049999714E-001 2.561199903E+000
 9.100000262E-001 2.554800034E+000
 9.150000215E-001 2.548099995E+000
 9.200000167E-001 2.541899920E+000
 9.250000119E-001 2.535700083E+000
 9.300000072E-001 2.529700041E+000
 9.350000024E-001 2.523299932E+000
 9.399999976E-001 2.517400026E+000
 9.449999928E-001 2.511499882E+000
 9.499999881E-001 2.505399942E+000
 9.549999833E-001 2.499700069E+000
 9.599999785E-001 2.493700027E+000
 9.649999738E-001 2.488199949E+000
 9.700000286E-001 2.482300043E+000
 9.750000238E-001 2.476900101E+000
 9.800000191E-001 2.471199989E+000
 9.850000143E-001 2.466000080E+000
 9.900000095E-001 2.460400105E+000
 9.950000048E-001 2.455300093E+000
 1.000000000E+000 2.449800014E+000
 1.004999995E+000 2.444499969E+000
 1.009999990E+000 2.439500093E+000
 1.014999986E+000 2.434299946E+000
 1.019999981E+000 2.429100037E+000
 1.024999976E+000 2.424299955E+000
 1.029999971E+000 2.419299841E+000
 1.034999967E+000 2.414299965E+000
 1.039999962E+000 2.409399986E+000
 1.044999957E+000 2.404500008E+000
 1.049999952E+000 2.400000095E+000
 1.054999948E+000 2.395200014E+000
 1.059999943E+000 2.390499830E+000
 1.065000057E+000 2.385800123E+000
 1.070000052E+000 2.381200075E+000
 1.075000048E+000 2.376600027E+000
 1.080000043E+000 2.372099876E+000
 1.085000038E+000 2.367700100E+000
 1.090000033E+000 2.363300085E+000
 1.095000029E+000 2.358900070E+000
 1.100000024E+000 2.354599953E+000
 1.105000019E+000 2.350300074E+000
 1.110000014E+000 2.346099854E+000
 1.115000010E+000 2.341899872E+000
 1.120000005E+000 2.337800026E+000
 1.125000000E+000 2.333699942E+000
 1.129999995E+000 2.329299927E+000
 1.134999990E+000 2.325299978E+000
 1.139999986E+000 2.321399927E+000
 1.144999981E+000 2.317399979E+000
 1.149999976E+000 2.313499928E+000
 1.154999971E+000 2.309400082E+000
 1.159999967E+000 2.305599928E+000
 1.164999962E+000 2.301800013E+000
 1.169999957E+000 2.298099995E+000
 1.174999952E+000 2.294099808E+000
 1.179999948E+000 2.290500164E+000
 1.184999943E+000 2.286900043E+000
 1.190000057E+000 2.282999992E+000
 1.195000052E+000 2.279399872E+000
 1.200000048E+000 2.275900126E+000
 1.205000043E+000 2.272200108E+000
 1.210000038E+000 2.268699884E+000
 1.215000033E+000 2.265300035E+000
 1.220000029E+000 2.261700153E+000
 1.225000024E+000 2.258300066E+000
 1.230000019E+000 2.254699945E+000
 1.235000014E+000 2.251399994E+000
 1.240000010E+000 2.247900009E+000
 1.245000005E+000 2.244699955E+000
 1.250000000E+000 2.241199970E+000
 1.254999995E+000 2.238000154E+000
 1.259999990E+000 2.234600067E+000
 1.264999986E+000 2.231500149E+000
 1.269999981E+000 2.228199959E+000
 1.274999976E+000 2.225100040E+000
 1.279999971E+000 2.221800089E+000
 1.284999967E+000 2.218899965E+000
 1.289999962E+000 2.215600014E+000
 1.294999957E+000 2.212399960E+000
 1.299999952E+000 2.209500074E+000
 1.304999948E+000 2.206300020E+000
 1.309999943E+000 2.203500032E+000
 1.315000057E+000 2.200400114E+000
 1.320000052E+000 2.197299957E+000
 1.325000048E+000 2.194499969E+000
 1.330000043E+000 2.191499949E+000
 1.335000038E+000 2.188500166E+000
 1.340000033E+000 2.185699940E+000
 1.345000029E+000 2.182800055E+000
 1.350000024E+000 2.179800034E+000
 1.355000019E+000 2.176900148E+000
 1.360000014E+000 2.174299955E+000
 1.365000010E+000 2.171399832E+000
 1.370000005E+000 2.168599844E+000
 1.375000000E+000 2.165999889E+000
 1.379999995E+000 2.163199902E+000
 1.384999990E+000 2.160399914E+000
 1.389999986E+000 2.157700062E+000
 1.394999981E+000 2.155200005E+000
 1.399999976E+000 2.152400017E+000
 1.404999971E+000 2.149699926E+000
 1.409999967E+000 2.147099972E+000
 1.414999962E+000 2.144400120E+000
 1.419999957E+000 2.141999960E+000
 1.424999952E+000 2.139400005E+000
 1.429999948E+000 2.136800051E+000
 1.434999943E+000 2.134200096E+000
 1.440000057E+000 2.131599903E+000
 1.445000052E+000 2.129299879E+000
 1.450000048E+000 2.126800060E+000
 1.455000043E+000 2.124300003E+000
 1.460000038E+000 2.121799946E+000
 1.465000033E+000 2.119300127E+000
 1.470000029E+000 2.116800070E+000
 1.475000024E+000 2.114400148E+000
 1.480000019E+000 2.112200022E+000
 1.485000014E+000 2.109799862E+000
 1.490000010E+000 2.107399940E+000
 1.495000005E+000 2.105000019E+000
 1.500000000E+000 2.102600098E+000
 1.504999995E+000 2.100300074E+000
 1.509999990E+000 2.097899914E+000
 1.514999986E+000 2.095599890E+000
 1.519999981E+000 2.093500137E+000
 1.524999976E+000 2.091199875E+000
 1.529999971E+000 2.088899851E+000
 1.534999967E+000 2.086600065E+000
 1.539999962E+000 2.084399939E+000
 1.544999957E+000 2.082099915E+000
 1.549999952E+000 2.079900026E+000
 1.554999948E+000 2.077700138E+000
 1.559999943E+000 2.075500011E+000
 1.565000057E+000 2.073600054E+000
 1.570000052E+000 2.071399927E+000
 1.575000048E+000 2.069200039E+000
 1.580000043E+000 2.067100048E+000
 1.585000038E+000 2.064899921E+000
 1.590000033E+000 2.062799931E+000
 1.595000029E+000 2.060699940E+000
 1.600000024E+000 2.058599949E+000
 1.605000019E+000 2.056499958E+000
 1.610000014E+000 2.054399967E+000
 1.615000010E+000 2.052500010E+000
 1.620000005E+000 2.050499916E+000
 1.625000000E+000 2.048399925E+000
 1.629999995E+000 2.046400070E+000
 1.634999990E+000 2.044399977E+000
 1.639999986E+000 2.042400122E+000
 1.644999981E+000 2.040400028E+000
 1.649999976E+000 2.038400173E+000
 1.654999971E+000 2.036400080E+000
 1.659999967E+000 2.034399986E+000
 1.664999962E+000 2.032700062E+000
 1.669999957E+000 2.030699968E+000
 1.674999952E+000 2.028800011E+000
 1.679999948E+000 2.026900053E+000
 1.684999943E+000 2.024999857E+000
 1.690000057E+000 2.023000002E+000
 1.695000052E+000 2.021100044E+000
 1.700000048E+000 2.019200087E+000
 1.705000043E+000 2.017400026E+000
 1.710000038E+000 2.015599966E+000
 1.715000033E+000 2.013800144E+000
 1.720000029E+000 2.011899948E+000
 1.725000024E+000 2.010100126E+000
 1.730000019E+000 2.008199930E+000
 1.735000014E+000 2.006399870E+000
 1.740000010E+000 2.004600048E+000
 1.745000005E+000 2.003000021E+000
 1.750000000E+000 2.001199961E+000
 1.754999995E+000 1.999400020E+000
 1.759999990E+000 1.997599959E+000
 1.764999986E+000 1.995800018E+000
 1.769999981E+000 1.994000077E+000
 1.774999976E+000 1.992399931E+000
 1.779999971E+000 1.990599990E+000
 1.784999967E+000 1.988900065E+000
 1.789999962E+000 1.987100005E+000
 1.794999957E+000 1.985399961E+000
 1.799999952E+000 1.983900070E+000
 1.804999948E+000 1.982200027E+000
 1.809999943E+000 1.980399966E+000
 1.815000057E+000 1.978700042E+000
 1.820000052E+000 1.977000117E+000
 1.825000048E+000 1.975499988E+000
 1.830000043E+000 1.973799944E+000
 1.835000038E+000 1.972100019E+000
 1.840000033E+000 1.970400095E+000
 1.845000029E+000 1.968999982E+000
 1.850000024E+000 1.967299938E+000
 1.855000019E+000 1.965600014E+000
 1.860000014E+000 1.964000106E+000
 1.865000010E+000 1.962499976E+000
 1.870000005E+000 1.960799932E+000
 1.875000000E+000 1.959200025E+000
 1.879999995E+000 1.957800031E+000
 1.884999990E+000 1.956200123E+000
 1.889999986E+000 1.954599977E+000
 1.894999981E+000 1.953099966E+000
 1.899999976E+000 1.951499939E+000
 1.904999971E+000 1.949900031E+000
 1.909999967E+000 1.948500037E+000
 1.914999962E+000 1.946900129E+000
 1.919999957E+000 1.945299983E+000
 1.924999952E+000 1.943899989E+000
 1.929999948E+000 1.942299962E+000
 1.934999943E+000 1.940999985E+000
 1.940000057E+000 1.939400077E+000
 1.945000052E+000 1.937900066E+000
 1.950000048E+000 1.936399937E+000
 1.955000043E+000 1.934899926E+000
 1.960000038E+000 1.933599949E+000
 1.965000033E+000 1.932000041E+000
 1.970000029E+000 1.930600047E+000
 1.975000024E+000 1.929100037E+000
 1.980000019E+000 1.927600026E+000
 1.985000014E+000 1.926300049E+000
 1.990000010E+000 1.924800038E+000
 1.995000005E+000 1.923400044E+000
 2.000000000E+000 1.921899915E+000
 2.005000114E+000 1.920599937E+000
 2.009999990E+000 1.919199944E+000
 2.015000105E+000 1.917699933E+000
 2.019999981E+000 1.916399956E+000
 2.025000095E+000 1.914899945E+000
 2.029999971E+000 1.913599968E+000
 2.035000086E+000 1.912100077E+000
 2.039999962E+000 1.910799980E+000
 2.045000076E+000 1.909500003E+000
 2.049999952E+000 1.908100009E+000
 2.055000067E+000 1.906800032E+000
 2.059999943E+000 1.905300021E+000
 2.065000057E+000 1.904100060E+000
 2.069999933E+000 1.902700067E+000
 2.075000048E+000 1.901300073E+000
 2.079999924E+000 1.900100112E+000
 2.085000038E+000 1.898800015E+000
 2.089999914E+000 1.897300124E+000
 2.095000029E+000 1.896100044E+000
 2.099999905E+000 1.894800067E+000
 2.105000019E+000 1.893600106E+000
 2.109999895E+000 1.892200112E+000
 2.115000010E+000 1.890900016E+000
 2.119999886E+000 1.889700055E+000
 2.125000000E+000 1.888400078E+000
 2.130000114E+000 1.887000084E+000
 2.134999990E+000 1.885800004E+000
 2.140000105E+000 1.884500027E+000
 2.144999981E+000 1.883300066E+000
 2.150000095E+000 1.882000089E+000
 2.154999971E+000 1.880800009E+000
 2.160000086E+000 1.879500031E+000
 2.164999962E+000 1.878200054E+000
 2.170000076E+000 1.876999974E+000
 2.174999952E+000 1.875800014E+000
 2.180000067E+000 1.874599934E+000
 2.184999943E+000 1.873399973E+000
 2.190000057E+000 1.872199893E+000
 2.194999933E+000 1.870899916E+000
 2.200000048E+000 1.869799972E+000
 2.204999924E+000 1.868499875E+000
 2.210000038E+000 1.867400050E+000
 2.214999914E+000 1.866100073E+000
 2.220000029E+000 1.865000010E+000
 2.224999905E+000 1.863800049E+000
 2.230000019E+000 1.862599969E+000
 2.234999895E+000 1.861400008E+000
 2.240000010E+000 1.860199928E+000
 2.244999886E+000 1.858999968E+000
 2.250000000E+000 1.857899904E+000
 2.255000114E+000 1.856699944E+000
 2.259999990E+000 1.855600119E+000
 2.265000105E+000 1.854500055E+000
 2.269999981E+000 1.853299975E+000
 2.275000095E+000 1.852200031E+000
 2.279999971E+000 1.850999951E+000
 2.285000086E+000 1.849799991E+000
 2.289999962E+000 1.848799944E+000
 2.295000076E+000 1.847599983E+000
 2.299999952E+000 1.846500039E+000
 2.305000067E+000 1.845300078E+000
 2.309999943E+000 1.844300032E+000
 2.315000057E+000 1.843199968E+000
 2.319999933E+000 1.842000008E+000
 2.325000048E+000 1.840999961E+000
 2.329999924E+000 1.839900136E+000
 2.335000038E+000 1.838700056E+000
 2.339999914E+000 1.837700009E+000
 2.345000029E+000 1.836599946E+000
 2.349999905E+000 1.835500002E+000
 2.355000019E+000 1.834499955E+000
 2.359999895E+000 1.833400130E+000
 2.365000010E+000 1.832400084E+000
 2.369999886E+000 1.831200004E+000
 2.375000000E+000 1.830199957E+000
 2.380000114E+000 1.829100013E+000
 2.384999990E+000 1.828099966E+000
 2.390000105E+000 1.827000022E+000
 2.394999981E+000 1.825999975E+000
 2.400000095E+000 1.824900031E+000
 2.404999971E+000 1.823899984E+000
 2.410000086E+000 1.822799921E+000
 2.414999962E+000 1.821800113E+000
 2.420000076E+000 1.820800066E+000
 2.424999952E+000 1.819800019E+000
 2.430000067E+000 1.818799973E+000
 2.434999943E+000 1.817800045E+000
 2.440000057E+000 1.816700101E+000
 2.444999933E+000 1.815700054E+000
 2.450000048E+000 1.814700007E+000
 2.454999924E+000 1.813699961E+000
 2.460000038E+000 1.812700033E+000
 2.464999914E+000 1.811699986E+000
 2.470000029E+000 1.810799956E+000
 2.474999905E+000 1.809699893E+000
 2.480000019E+000 1.808700085E+000
 2.484999895E+000 1.807700038E+000
 2.490000010E+000 1.806800008E+000
 2.494999886E+000 1.805799961E+000
 2.500000000E+000 1.804900050E+000
 2.505000114E+000 1.803900003E+000
 2.509999990E+000 1.802999973E+000
 2.515000105E+000 1.801899910E+000
 2.519999981E+000 1.800999999E+000
 2.525000095E+000 1.799999952E+000
 2.529999971E+000 1.799099922E+000
 2.535000086E+000 1.798100114E+000
 2.539999962E+000 1.797200084E+000
 2.545000076E+000 1.796200037E+000
 2.549999952E+000 1.795299888E+000
 2.555000067E+000 1.794300079E+000
 2.559999943E+000 1.793499947E+000
 2.565000057E+000 1.792500019E+000
 2.569999933E+000 1.791600108E+000
 2.575000048E+000 1.790700078E+000
 2.579999924E+000 1.789700031E+000
 2.585000038E+000 1.788799882E+000
 2.589999914E+000 1.787800074E+000
 2.595000029E+000 1.786999941E+000
 2.599999905E+000 1.786099911E+000
 2.605000019E+000 1.785200119E+000
 2.609999895E+000 1.784200072E+000
 2.615000010E+000 1.783399940E+000
 2.619999886E+000 1.782500029E+000
 2.625000000E+000 1.781499982E+000
 2.630000114E+000 1.780599952E+000
 2.634999990E+000 1.779799938E+000
 2.640000105E+000 1.778900027E+000
 2.644999981E+000 1.778100014E+000
 2.650000095E+000 1.777099967E+000
 2.654999971E+000 1.776200056E+000
 2.660000086E+000 1.775399923E+000
 2.664999962E+000 1.774499893E+000
 2.670000076E+000 1.773699999E+000
 2.674999952E+000 1.772799969E+000
 2.680000067E+000 1.772000074E+000
 2.684999943E+000 1.771100044E+000
 2.690000057E+000 1.770200014E+000
 2.694999933E+000 1.769299865E+000
 2.700000048E+000 1.768499970E+000
 2.704999924E+000 1.767599940E+000
 2.710000038E+000 1.766800046E+000
 2.714999914E+000 1.766000032E+000
 2.720000029E+000 1.765100002E+000
 2.724999905E+000 1.764300108E+000
 2.730000019E+000 1.763499975E+000
 2.734999895E+000 1.762599945E+000
 2.740000010E+000 1.761800051E+000
 2.744999886E+000 1.761000037E+000
 2.750000000E+000 1.760199904E+000
 2.755000114E+000 1.759299994E+000
 2.759999990E+000 1.758499980E+000
 2.765000105E+000 1.757700086E+000
 2.769999981E+000 1.756899953E+000
 2.775000095E+000 1.756099939E+000
 2.779999971E+000 1.755200028E+000
 2.785000086E+000 1.754400015E+000
 2.789999962E+000 1.753599882E+000
 2.795000076E+000 1.752799988E+000
 2.799999952E+000 1.751999974E+000
 2.805000067E+000 1.751200080E+000
 2.809999943E+000 1.750399947E+000
 2.815000057E+000 1.749599934E+000
 2.819999933E+000 1.748800039E+000
 2.825000048E+000 1.748000026E+000
 2.829999924E+000 1.747200131E+000
 2.835000038E+000 1.746500015E+000
 2.839999914E+000 1.745699883E+000
 2.845000029E+000 1.744899988E+000
 2.849999905E+000 1.744199991E+000
 2.855000019E+000 1.743400097E+000
 2.859999895E+000 1.742599964E+000
 2.865000010E+000 1.741799951E+000
 2.869999886E+000 1.741000056E+000
 2.875000000E+000 1.740399957E+000
 2.880000114E+000 1.739500046E+000
 2.884999990E+000 1.738799930E+000
 2.890000105E+000 1.737999916E+000
 2.894999981E+000 1.737300038E+000
 2.900000095E+000 1.736499906E+000
 2.904999971E+000 1.735700011E+000
 2.910000086E+000 1.735000014E+000
 2.914999962E+000 1.734300017E+000
 2.920000076E+000 1.733500004E+000
 2.924999952E+000 1.732799888E+000
 2.930000067E+000 1.731999993E+000
 2.934999943E+000 1.731299996E+000
 2.940000057E+000 1.730500102E+000
 2.944999933E+000 1.729799986E+000
 2.950000048E+000 1.729100108E+000
 2.954999924E+000 1.728399992E+000
 2.960000038E+000 1.727599859E+000
 2.964999914E+000 1.726899981E+000
 2.970000029E+000 1.726199985E+000
 2.974999905E+000 1.725499988E+000
 2.980000019E+000 1.724799991E+000
 2.984999895E+000 1.724000096E+000
 2.990000010E+000 1.723299980E+000
 2.994999886E+000 1.722600102E+000
 3.000000000E+000 1.721899986E+000
 3.005000114E+000 1.721200109E+000
 3.009999990E+000 1.720499992E+000
 3.015000105E+000 1.719699979E+000
 3.019999981E+000 1.718999982E+000
 3.025000095E+000 1.718299985E+000
 3.029999971E+000 1.717700005E+000
 3.035000086E+000 1.716999888E+000
 3.039999962E+000 1.716300011E+000
 3.045000076E+000 1.715499997E+000
 3.049999952E+000 1.714900017E+000
 3.055000067E+000 1.714199901E+000
 3.059999943E+000 1.713500023E+000
 3.065000057E+000 1.712800026E+000
 3.069999933E+000 1.712100029E+000
 3.075000048E+000 1.711499929E+000
 3.079999924E+000 1.710800052E+000
 3.085000038E+000 1.710099936E+000
 3.089999914E+000 1.709400058E+000
 3.095000029E+000 1.708699942E+000
 3.099999905E+000 1.708100080E+000
 3.105000019E+000 1.707399964E+000
 3.109999895E+000 1.706800103E+000
 3.115000010E+000 1.706099987E+000
 3.119999886E+000 1.705399871E+000
 3.125000000E+000 1.704800010E+000
 3.130000114E+000 1.704099894E+000
 3.134999990E+000 1.703400016E+000
 3.140000105E+000 1.702800035E+000
 3.144999981E+000 1.702100039E+000
 3.150000095E+000 1.701399922E+000
 3.154999971E+000 1.700899959E+000
 3.160000086E+000 1.700200081E+000
 3.164999962E+000 1.699499965E+000
 3.170000076E+000 1.698900104E+000
 3.174999952E+000 1.698199987E+000
 3.180000067E+000 1.697499871E+000
 3.184999943E+000 1.696900010E+000
 3.190000057E+000 1.696300030E+000
 3.194999933E+000 1.695699930E+000
 3.200000048E+000 1.695000052E+000
 3.204999924E+000 1.694399953E+000
 3.210000038E+000 1.693700075E+000
 3.214999914E+000 1.693099976E+000
 3.220000029E+000 1.692400098E+000
 3.224999905E+000 1.691900015E+000
 3.230000019E+000 1.691200018E+000
 3.234999895E+000 1.690599918E+000
 3.240000010E+000 1.690000057E+000
 3.244999886E+000 1.689299941E+000
 3.250000000E+000 1.688700080E+000
 3.255000114E+000 1.688099980E+000
 3.259999990E+000 1.687400103E+000
 3.265000105E+000 1.686800003E+000
 3.269999981E+000 1.686300039E+000
 3.275000095E+000 1.685599923E+000
 3.279999971E+000 1.685000062E+000
 3.285000086E+000 1.684399962E+000
 3.289999962E+000 1.683799982E+000
 3.295000076E+000 1.683199883E+000
 3.299999952E+000 1.682600021E+000
 3.305000067E+000 1.682000041E+000
 3.309999943E+000 1.681300044E+000
 3.315000057E+000 1.680700064E+000
 3.319999933E+000 1.680099964E+000
 3.325000048E+000 1.679500103E+000
 3.329999924E+000 1.678900003E+000
 3.335000038E+000 1.678300023E+000
 3.339999914E+000 1.677699924E+000
 3.345000029E+000 1.677100062E+000
 3.349999905E+000 1.676599979E+000
 3.355000019E+000 1.675899982E+000
 3.359999895E+000 1.675400138E+000
 3.365000010E+000 1.674800038E+000
 3.369999886E+000 1.674200058E+000
 3.375000000E+000 1.673599958E+000
 3.380000114E+000 1.673000097E+000
 3.384999990E+000 1.672399998E+000
 3.390000105E+000 1.671800017E+000
 3.394999981E+000 1.671299934E+000
 3.400000095E+000 1.670700073E+000
 3.404999971E+000 1.670099974E+000
 3.410000086E+000 1.669499993E+000
 3.414999962E+000 1.669000030E+000
 3.420000076E+000 1.668399930E+000
 3.424999952E+000 1.667800069E+000
 3.430000067E+000 1.667299986E+000
 3.434999943E+000 1.666700006E+000
 3.440000057E+000 1.666199923E+000
 3.444999933E+000 1.665599942E+000
 3.450000048E+000 1.665000081E+000
 3.454999924E+000 1.664399981E+000
 3.460000038E+000 1.663800120E+000
 3.464999914E+000 1.663299918E+000
 3.470000029E+000 1.662700057E+000
 3.474999905E+000 1.662199974E+000
 3.480000019E+000 1.661700010E+000
 3.484999895E+000 1.661100030E+000
 3.490000010E+000 1.660499930E+000
 3.494999886E+000 1.659900069E+000
 3.500000000E+000 1.659399986E+000
 3.505000114E+000 1.658900023E+000
 3.509999990E+000 1.658299923E+000
 3.515000105E+000 1.657799959E+000
 3.519999981E+000 1.657200098E+000
 3.525000095E+000 1.656599998E+000
 3.529999971E+000 1.656100035E+000
 3.535000086E+000 1.655599952E+000
 3.539999962E+000 1.654999971E+000
 3.545000076E+000 1.654399872E+000
 3.549999952E+000 1.653900027E+000
 3.555000067E+000 1.653400064E+000
 3.559999943E+000 1.652899981E+000
 3.565000057E+000 1.652300000E+000
 3.569999933E+000 1.651799917E+000
 3.575000048E+000 1.651299953E+000
 3.579999924E+000 1.650700092E+000
 3.585000038E+000 1.650200009E+000
 3.589999914E+000 1.649700046E+000
 3.595000029E+000 1.648999929E+000
 3.599999905E+000 1.648599982E+000
 3.605000019E+000 1.648100019E+000
 3.609999895E+000 1.647499919E+000
 3.615000010E+000 1.647000074E+000
 3.619999886E+000 1.646499991E+000
 3.625000000E+000 1.645900011E+000
 3.630000114E+000 1.645400047E+000
 3.634999990E+000 1.644899964E+000
 3.640000105E+000 1.644300103E+000
 3.644999981E+000 1.643799901E+000
 3.650000095E+000 1.643300056E+000
 3.654999971E+000 1.642800093E+000
 3.660000086E+000 1.642199993E+000
 3.664999962E+000 1.641700029E+000
 3.670000076E+000 1.641299963E+000
 3.674999952E+000 1.640699983E+000
 3.680000067E+000 1.640200138E+000
 3.684999943E+000 1.639699936E+000
 3.690000057E+000 1.639200091E+000
 3.694999933E+000 1.638599992E+000
 3.700000048E+000 1.638200045E+000
 3.704999924E+000 1.637600064E+000
 3.710000038E+000 1.637099981E+000
 3.714999914E+000 1.636600018E+000
 3.720000029E+000 1.636099935E+000
 3.724999905E+000 1.635599971E+000
 3.730000019E+000 1.635100007E+000
 3.734999895E+000 1.634599924E+000
 3.740000010E+000 1.634000063E+000
 3.744999886E+000 1.633599877E+000
 3.750000000E+000 1.633000016E+000
 3.755000114E+000 1.632600069E+000
 3.759999990E+000 1.632099986E+000
 3.765000105E+000 1.631600022E+000
 3.769999981E+000 1.631100059E+000
 3.775000095E+000 1.630599976E+000
 3.779999971E+000 1.630100012E+000
 3.785000086E+000 1.629599929E+000
 3.789999962E+000 1.629099965E+000
 3.795000076E+000 1.628600001E+000
 3.799999952E+000 1.628099918E+000
 3.805000067E+000 1.627600074E+000
 3.809999943E+000 1.627100110E+000
 3.815000057E+000 1.626600027E+000
 3.819999933E+000 1.626100063E+000
 3.825000048E+000 1.625599980E+000
 3.829999924E+000 1.625100017E+000
 3.835000038E+000 1.624600053E+000
 3.839999914E+000 1.624199986E+000
 3.845000029E+000 1.623700023E+000
 3.849999905E+000 1.623200059E+000
 3.855000019E+000 1.622699976E+000
 3.859999895E+000 1.622200012E+000
 3.865000010E+000 1.621699929E+000
 3.869999886E+000 1.621199965E+000
 3.875000000E+000 1.620700121E+000
 3.880000114E+000 1.620199919E+000
 3.884999990E+000 1.619799972E+000
 3.890000105E+000 1.619300127E+000
 3.894999981E+000 1.618899941E+000
 3.900000095E+000 1.618399978E+000
 3.904999971E+000 1.617899895E+000
 3.910000086E+000 1.617399931E+000
 3.914999962E+000 1.616900086E+000
 3.920000076E+000 1.616400003E+000
 3.924999952E+000 1.616000056E+000
 3.930000067E+000 1.615500093E+000
 3.934999943E+000 1.615000010E+000
 3.940000057E+000 1.614500046E+000
 3.944999933E+000 1.614100099E+000
 3.950000048E+000 1.613600016E+000
 3.954999924E+000 1.613100052E+000
 3.960000038E+000 1.612599969E+000
 3.964999914E+000 1.612200022E+000
 3.970000029E+000 1.611700058E+000
 3.974999905E+000 1.611299872E+000
 3.980000019E+000 1.610800028E+000
 3.984999895E+000 1.610300064E+000
 3.990000010E+000 1.609899998E+000
 3.994999886E+000 1.609400034E+000
 4.000000000E+000 1.609000087E+000
 4.005000114E+000 1.608500004E+000
 4.010000229E+000 1.608000040E+000
 4.014999866E+000 1.607499957E+000
 4.019999981E+000 1.607100010E+000
 4.025000095E+000 1.606600046E+000
 4.030000210E+000 1.606199861E+000
 4.034999847E+000 1.605700016E+000
 4.039999962E+000 1.605200052E+000
 4.045000076E+000 1.604799986E+000
 4.050000191E+000 1.604300022E+000
 4.054999828E+000 1.603900075E+000
 4.059999943E+000 1.603399992E+000
 4.065000057E+000 1.602900028E+000
 4.070000172E+000 1.602500081E+000
 4.074999809E+000 1.602099895E+000
 4.079999924E+000 1.601500034E+000
 4.085000038E+000 1.601100087E+000
 4.090000153E+000 1.600699902E+000
 4.094999790E+000 1.600200057E+000
 4.099999905E+000 1.599700093E+000
 4.105000019E+000 1.599299908E+000
 4.110000134E+000 1.598899961E+000
 4.114999771E+000 1.598400116E+000
 4.119999886E+000 1.597999930E+000
 4.125000000E+000 1.597500086E+000
 4.130000114E+000 1.596999884E+000
 4.135000229E+000 1.596599936E+000
 4.139999866E+000 1.596100092E+000
 4.144999981E+000 1.595699906E+000
 4.150000095E+000 1.595199943E+000
 4.155000210E+000 1.594799995E+000
 4.159999847E+000 1.594299912E+000
 4.164999962E+000 1.593899965E+000
 4.170000076E+000 1.593400002E+000
 4.175000191E+000 1.592999935E+000
 4.179999828E+000 1.592499971E+000
 4.184999943E+000 1.592100024E+000
 4.190000057E+000 1.591699958E+000
 4.195000172E+000 1.591300011E+000
 4.199999809E+000 1.590800047E+000
 4.204999924E+000 1.590399981E+000
 4.210000038E+000 1.589900017E+000
 4.215000153E+000 1.589500070E+000
 4.219999790E+000 1.588999987E+000
 4.224999905E+000 1.588600039E+000
 4.230000019E+000 1.588100076E+000
 4.235000134E+000 1.587699890E+000
 4.239999771E+000 1.587200046E+000
 4.244999886E+000 1.586800098E+000
 4.250000000E+000 1.586399913E+000
 4.255000114E+000 1.585900068E+000
 4.260000229E+000 1.585500121E+000
 4.264999866E+000 1.585099936E+000
 4.269999981E+000 1.584599972E+000
 4.275000095E+000 1.584200025E+000
 4.280000210E+000 1.583799958E+000
 4.284999847E+000 1.583400011E+000
 4.289999962E+000 1.582900047E+000
 4.295000076E+000 1.582399964E+000
 4.300000191E+000 1.582000017E+000
 4.304999828E+000 1.581600070E+000
 4.309999943E+000 1.581199884E+000
 4.315000057E+000 1.580700040E+000
 4.320000172E+000 1.580300093E+000
 4.324999809E+000 1.579800010E+000
 4.329999924E+000 1.579400063E+000
 4.335000038E+000 1.579000115E+000
 4.340000153E+000 1.578599930E+000
 4.344999790E+000 1.578099966E+000
 4.349999905E+000 1.577700019E+000
 4.355000019E+000 1.577299953E+000
 4.360000134E+000 1.576900005E+000
 4.364999771E+000 1.576400042E+000
 4.369999886E+000 1.575999975E+000
 4.375000000E+000 1.575600028E+000
 4.380000114E+000 1.575100064E+000
 4.385000229E+000 1.574699879E+000
 4.389999866E+000 1.574299932E+000
 4.394999981E+000 1.573899984E+000
 4.400000095E+000 1.573399901E+000
 4.405000210E+000 1.572999954E+000
 4.409999847E+000 1.572600007E+000
 4.414999962E+000 1.572199941E+000
 4.420000076E+000 1.571799994E+000
 4.425000191E+000 1.571300030E+000
 4.429999828E+000 1.570899963E+000
 4.434999943E+000 1.570400000E+000
 4.440000057E+000 1.570000052E+000
 4.445000172E+000 1.569599867E+000
 4.449999809E+000 1.569199920E+000
 4.454999924E+000 1.568799973E+000
 4.460000038E+000 1.568299890E+000
 4.465000153E+000 1.567899942E+000
 4.469999790E+000 1.567499995E+000
 4.474999905E+000 1.567100048E+000
 4.480000019E+000 1.566699982E+000
 4.485000134E+000 1.566200018E+000
 4.489999771E+000 1.565800071E+000
 4.494999886E+000 1.565400004E+000
 4.500000000E+000 1.565000057E+000
 4.505000114E+000 1.564500093E+000
 4.510000229E+000 1.564099908E+000
 4.514999866E+000 1.563699961E+000
 4.519999981E+000 1.563300014E+000
 4.525000095E+000 1.562799931E+000
 4.530000210E+000 1.562500000E+000
 4.534999847E+000 1.562000036E+000
 4.539999962E+000 1.561599970E+000
 4.545000076E+000 1.561200023E+000
 4.550000191E+000 1.560800076E+000
 4.554999828E+000 1.560399890E+000
 4.559999943E+000 1.559900045E+000
 4.565000057E+000 1.559500098E+000
 4.570000172E+000 1.559099913E+000
 4.574999809E+000 1.558699965E+000
 4.579999924E+000 1.558300018E+000
 4.585000038E+000 1.557799935E+000
 4.590000153E+000 1.557500005E+000
 4.594999790E+000 1.557000041E+000
 4.599999905E+000 1.556599855E+000
 4.605000019E+000 1.556199908E+000
 4.610000134E+000 1.555799961E+000
 4.614999771E+000 1.555400014E+000
 4.619999886E+000 1.554999948E+000
 4.625000000E+000 1.554600000E+000
 4.630000114E+000 1.554100037E+000
 4.635000229E+000 1.553699970E+000
 4.639999866E+000 1.553300023E+000
 4.644999981E+000 1.552900076E+000
 4.650000095E+000 1.552499890E+000
 4.655000210E+000 1.552000046E+000
 4.659999847E+000 1.551699996E+000
 4.664999962E+000 1.551299930E+000
 4.670000076E+000 1.550799966E+000
 4.675000191E+000 1.550400019E+000
 4.679999828E+000 1.549999952E+000
 4.684999943E+000 1.549600005E+000
 4.690000057E+000 1.549200058E+000
 4.695000172E+000 1.548800111E+000
 4.699999809E+000 1.548399925E+000
 4.704999924E+000 1.547999978E+000
 4.710000038E+000 1.547500134E+000
 4.715000153E+000 1.547099948E+000
 4.719999790E+000 1.546700001E+000
 4.724999905E+000 1.546300054E+000
 4.730000019E+000 1.545899987E+000
 4.735000134E+000 1.545500040E+000
 4.739999771E+000 1.545100093E+000
 4.744999886E+000 1.544699907E+000
 4.750000000E+000 1.544299960E+000
 4.755000114E+000 1.543900013E+000
 4.760000229E+000 1.543499947E+000
 4.764999866E+000 1.543099999E+000
 4.769999981E+000 1.542600036E+000
 4.775000095E+000 1.542199969E+000
 4.780000210E+000 1.541800022E+000
 4.784999847E+000 1.541400075E+000
 4.789999962E+000 1.541000128E+000
 4.795000076E+000 1.540599942E+000
 4.800000191E+000 1.540199995E+000
 4.804999828E+000 1.539800048E+000
 4.809999943E+000 1.539399981E+000
 4.815000057E+000 1.539000034E+000
 4.820000172E+000 1.538600087E+000
 4.824999809E+000 1.538199902E+000
 4.829999924E+000 1.537799954E+000
 4.835000038E+000 1.537400007E+000
 4.840000153E+000 1.536999941E+000
 4.844999790E+000 1.536599994E+000
 4.849999905E+000 1.536200047E+000
 4.855000019E+000 1.535699964E+000
 4.860000134E+000 1.535300016E+000
 4.864999771E+000 1.534900069E+000
 4.869999886E+000 1.534500122E+000
 4.875000000E+000 1.534099936E+000
 4.880000114E+000 1.533699989E+000
 4.885000229E+000 1.533300042E+000
 4.889999866E+000 1.532899976E+000
 4.894999981E+000 1.532500029E+000
 4.900000095E+000 1.532100081E+000
 4.905000210E+000 1.531699896E+000
 4.909999847E+000 1.531299949E+000
 4.914999962E+000 1.530900002E+000
 4.920000076E+000 1.530500054E+000
 4.925000191E+000 1.530099988E+000
 4.929999828E+000 1.529700041E+000
 4.934999943E+000 1.529300094E+000
 4.940000057E+000 1.528899908E+000
 4.945000172E+000 1.528499961E+000
 4.949999809E+000 1.528100014E+000
 4.954999924E+000 1.527699947E+000
 4.960000038E+000 1.527300000E+000
 4.965000153E+000 1.526900053E+000
 4.969999790E+000 1.526499867E+000
 4.974999905E+000 1.526099920E+000
 4.980000019E+000 1.525699973E+000
 4.985000134E+000 1.525300026E+000
 4.989999771E+000 1.524899960E+000
 4.994999886E+000 1.524399996E+000
 5.000000000E+000 1.524100065E+000
 5.005000114E+000 1.523699999E+000
 5.010000229E+000 1.523300052E+000
 5.014999866E+000 1.522800088E+000
 5.019999981E+000 1.522499919E+000
 5.025000095E+000 1.521999955E+000