 2.999999933E-002 1.319899940E+001
 3.500000015E-002 1.379799938E+001
 3.999999911E-002 1.445800114E+001
 4.500000179E-002 1.509800053E+001
 5.000000075E-002 1.580399990E+001
 5.499999970E-002 1.638899994E+001
 5.999999866E-002 1.701499939E+001
 6.499999762E-002 1.755900002E+001
 7.000000030E-002 1.813599968E+001
 7.500000298E-002 1.862899971E+001
 7.999999821E-002 1.909700012E+001
 8.500000089E-002 1.948799896E+001
 9.000000358E-002 1.991500092E+001
 9.499999881E-002 2.032600021E+001
 1.000000015E-001 2.072299957E+001
 1.049999967E-001 2.105800056E+001
 1.099999994E-001 2.143600082E+001
 1.150000021E-001 2.180799866E+001
 1.199999973E-001 2.217399979E+001
 1.250000000E-001 2.253700066E+001
 1.299999952E-001 2.289900017E+001
 1.350000054E-001 2.325900078E+001
 1.400000006E-001 2.361899948E+001
 1.449999958E-001 2.397800064E+001
 1.500000060E-001 2.433900070E+001
 1.550000012E-001 2.473400116E+001
 1.599999964E-001 2.509299850E+001
 1.650000066E-001 2.548399925E+001
 1.700000018E-001 2.587300110E+001
 1.749999970E-001 2.625800133E+001
 1.800000072E-001 2.664099884E+001
 1.850000024E-001 2.702000046E+001
 1.899999976E-001 2.739500046E+001
 1.949999928E-001 2.776499939E+001
 2.000000030E-001 2.815600014E+001
 2.049999982E-001 2.851599884E+001
 2.099999934E-001 2.889299965E+001
 2.150000036E-001 2.926399994E+001
 2.199999988E-001 2.960599899E+001
 2.249999940E-001 2.996199989E+001
 2.300000042E-001 3.031100082E+001
 2.349999994E-001 3.065200043E+001
 2.399999946E-001 3.098600006E+001
 2.450000048E-001 3.131099892E+001
 2.500000000E-001 3.162899971E+001
 2.549999952E-001 3.193800163E+001
 2.599999905E-001 3.224000168E+001
 2.649999857E-001 3.253299713E+001
 2.700000107E-001 3.283399963E+001
 2.750000060E-001 3.311199951E+001
 2.800000012E-001 3.338100052E+001
 2.849999964E-001 3.365699768E+001
 2.899999917E-001 3.390999985E+001
 2.949999869E-001 3.417000198E+001
 3.000000119E-001 3.440799713E+001
 3.050000072E-001 3.465099716E+001
 3.100000024E-001 3.487400055E+001
 3.149999976E-001 3.510200119E+001
 3.199999928E-001 3.531000137E+001
 3.249999881E-001 3.552400208E+001
 3.300000131E-001 3.571699905E+001
 3.350000083E-001 3.591600037E+001
 3.400000036E-001 3.609600067E+001
 3.449999988E-001 3.628100204E+001
 3.499999940E-001 3.645999908E+001
 3.549999893E-001 3.661999893E+001
 3.600000143E-001 3.678599930E+001
 3.650000095E-001 3.694499969E+001
 3.700000048E-001 3.708700180E+001
 3.750000000E-001 3.723500061E+001
 3.799999952E-001 3.737599945E+001
 3.849999905E-001 3.751099777E+001
 3.899999857E-001 3.763100052E+001
 3.950000107E-001 3.775600052E+001
 4.000000060E-001 3.787500000E+001
 4.050000012E-001 3.798999786E+001
 4.099999964E-001 3.808899689E+001
 4.149999917E-001 3.819400024E+001
 4.199999869E-001 3.829299927E+001
 4.250000119E-001 3.838899994E+001
 4.300000072E-001 3.847900009E+001
 4.350000024E-001 3.855599976E+001
 4.399999976E-001 3.863800049E+001
 4.449999928E-001 3.871599960E+001
 4.499999881E-001 3.879000092E+001
 4.550000131E-001 3.886000061E+001
 4.600000083E-001 3.892599869E+001
 4.650000036E-001 3.897999954E+001
 4.699999988E-001 3.903899765E+001
 4.749999940E-001 3.909500122E+001
 4.799999893E-001 3.914699936E+001
 4.850000143E-001 3.919599915E+001
 4.900000095E-001 3.924200058E+001
 4.950000048E-001 3.928400040E+001
 5.000000000E-001 3.931599808E+001
 5.049999952E-001 3.935300064E+001
 5.099999905E-001 3.938700104E+001
 5.149999857E-001 3.941799927E+001
 5.199999809E-001 3.944699860E+001
 5.249999762E-001 3.947299957E+001
 5.299999714E-001 3.949599838E+001
 5.350000262E-001 3.951700211E+001
 5.400000215E-001 3.952899933E+001
 5.450000167E-001 3.954499817E+001
 5.500000119E-001 3.956000137E+001
 5.550000072E-001 3.957200241E+001
 5.600000024E-001 3.958200073E+001
 5.649999976E-001 3.959000015E+001
 5.699999928E-001 3.959700012E+001
 5.749999881E-001 3.960100174E+001
 5.799999833E-001 3.960400009E+001
 5.849999785E-001 3.959700012E+001
 5.899999738E-001 3.959700012E+001
 5.950000286E-001 3.959399796E+001
 6.000000238E-001 3.959000015E+001
 6.050000191E-001 3.958399963E+001
 6.100000143E-001 3.957699966E+001
 6.150000095E-001 3.956900024E+001
 6.200000048E-001 3.955899811E+001
 6.250000000E-001 3.954700089E+001
 6.299999952E-001 3.952799988E+001
 6.349999905E-001 3.951399994E+001
 6.399999857E-001 3.949900055E+001
 6.449999809E-001 3.948300171E+001
 6.499999762E-001 3.946599960E+001
 6.549999714E-001 3.944699860E+001
 6.600000262E-001 3.942699814E+001
 6.650000215E-001 3.940100098E+001
 6.700000167E-001 3.937900162E+001
 6.750000119E-001 3.935699844E+001
 6.800000072E-001 3.933300018E+001
 6.850000024E-001 3.930900192E+001
 6.899999976E-001 3.928300095E+001
 6.949999928E-001 3.925699997E+001
 6.999999881E-001 3.922499847E+001
 7.049999833E-001 3.919700241E+001
 7.099999785E-001 3.916799927E+001
 7.149999738E-001 3.913899994E+001
 7.200000286E-001 3.910899734E+001
 7.250000238E-001 3.907300186E+001
 7.300000191E-001 3.904199982E+001
 7.350000143E-001 3.900999832E+001
 7.400000095E-001 3.897800064E+001
 7.450000048E-001 3.894499969E+001
 7.500000000E-001 3.890599823E+001
 7.549999952E-001 3.887199783E+001
 7.599999905E-001 3.883699799E+001
 7.649999857E-001 3.880199814E+001
 7.699999809E-001 3.876100159E+001
 7.749999762E-001 3.872499847E+001
 7.799999714E-001 3.868799973E+001
 7.850000262E-001 3.865100098E+001
 7.900000215E-001 3.860899734E+001
 7.950000167E-001 3.857099915E+001
 8.000000119E-001 3.853300095E+001
 8.050000072E-001 3.849399948E+001
 8.100000024E-001 3.845000076E+001
 8.149999976E-001 3.841099930E+001
 8.199999928E-001 3.837199783E+001
 8.249999881E-001 3.832699966E+001
 8.299999833E-001 3.828699875E+001
 8.349999785E-001 3.824600220E+001
 8.399999738E-001 3.820100021E+001
 8.450000286E-001 3.815999985E+001
 8.500000238E-001 3.811800003E+001
 8.550000191E-001 3.807199860E+001
 8.600000143E-001 3.802999878E+001
 8.650000095E-001 3.798400116E+001
 8.700000048E-001 3.794099808E+001
 8.750000000E-001 3.789900208E+001
 8.799999952E-001 3.785199738E+001
 8.849999905E-001 3.780899811E+001
 8.899999857E-001 3.776200104E+001
 8.949999809E-001 3.771899796E+001
 8.999999762E-001 3.767499924E+001
 9.049999714E-001 3.762699890E+001
 9.100000262E-001 3.758399963E+001
 9.150000215E-001 3.753599930E+001
 9.200000167E-001 3.749200058E+001
 9.250000119E-001 3.744300079E+001
 9.300000072E-001 3.739899826E+001
 9.350000024E-001 3.735100174E+001
 9.399999976E-001 3.730599976E+001
 9.449999928E-001 3.725799942E+001
 9.499999881E-001 3.721300125E+001
 9.549999833E-001 3.716399765E+001
 9.599999785E-001 3.711600113E+001
 9.649999738E-001 3.707099915E+001
 9.700000286E-001 3.702199936E+001
 9.750000238E-001 3.697700119E+001
 9.800000191E-001 3.692800140E+001
 9.850000143E-001 3.687900162E+001
 9.900000095E-001 3.683300018E+001
 9.950000048E-001 3.678400040E+001
 1.000000000E+000 3.673899841E+001
 1.004999995E+000 3.668999863E+001
 1.009999990E+000 3.664099884E+001
 1.014999986E+000 3.659499741E+001
 1.019999981E+000 3.654599762E+001
 1.024999976E+000 3.649699783E+001
 1.029999971E+000 3.645100021E+001
 1.034999967E+000 3.640200043E+001
 1.039999962E+000 3.635200119E+001
 1.044999957E+000 3.630299759E+001
 1.049999952E+000 3.625799942E+001
 1.054999948E+000 3.620800018E+001
 1.059999943E+000 3.615900040E+001
 1.065000057E+000 3.610999680E+001
 1.070000052E+000 3.606399918E+001
 1.075000048E+000 3.601499939E+001
 1.080000043E+000 3.596599960E+001
 1.085000038E+000 3.591600037E+001
 1.090000033E+000 3.586700058E+001
 1.095000029E+000 3.582200241E+001
 1.100000024E+000 3.577300262E+001
 1.105000019E+000 3.572299957E+001
 1.110000014E+000 3.567399979E+001
 1.115000010E+000 3.562500000E+001
 1.120000005E+000 3.557600021E+001
 1.125000000E+000 3.552700043E+001
 1.129999995E+000 3.547800064E+001
 1.134999990E+000 3.543299866E+001
 1.139999986E+000 3.538399887E+001
 1.144999981E+000 3.533499908E+001
 1.149999976E+000 3.528599930E+001
 1.154999971E+000 3.523699951E+001
 1.159999967E+000 3.518899918E+001
 1.164999962E+000 3.514000320E+001
 1.169999957E+000 3.509099960E+001
 1.174999952E+000 3.504299927E+001
 1.179999948E+000 3.499399948E+001
 1.184999943E+000 3.494599915E+001
 1.190000057E+000 3.489699936E+001
 1.195000052E+000 3.484899902E+001
 1.200000048E+000 3.479999924E+001
 1.205000043E+000 3.475199890E+001
 1.210000038E+000 3.470400238E+001
 1.215000033E+000 3.465599823E+001
 1.220000029E+000 3.460400009E+001
 1.225000024E+000 3.455599976E+001
 1.230000019E+000 3.450799942E+001
 1.235000014E+000 3.445999908E+001
 1.240000010E+000 3.441200256E+001
 1.245000005E+000 3.436399841E+001
 1.250000000E+000 3.431700134E+001
 1.254999995E+000 3.426900101E+001
 1.259999990E+000 3.421799850E+001
 1.264999986E+000 3.417000198E+001
 1.269999981E+000 3.412300110E+001
 1.274999976E+000 3.407500076E+001
 1.279999971E+000 3.402799988E+001
 1.284999967E+000 3.397700119E+001
 1.289999962E+000 3.393000031E+001
 1.294999957E+000 3.388299942E+001
 1.299999952E+000 3.383599854E+001
 1.304999948E+000 3.378900146E+001
 1.309999943E+000 3.373900223E+001
 1.315000057E+000 3.369200134E+001
 1.320000052E+000 3.364500046E+001
 1.325000048E+000 3.359500122E+001
 1.330000043E+000 3.354800034E+001
 1.335000038E+000 3.350099945E+001
 1.340000033E+000 3.345199966E+001
 1.345000029E+000 3.340499878E+001
 1.350000024E+000 3.335900116E+001
 1.355000019E+000 3.330900192E+001
 1.360000014E+000 3.326300049E+001
 1.365000010E+000 3.321699905E+001
 1.370000005E+000 3.316699982E+001
 1.375000000E+000 3.312100220E+001
 1.379999995E+000 3.307500076E+001
 1.384999990E+000 3.302600098E+001
 1.389999986E+000 3.297999954E+001
 1.394999981E+000 3.293199921E+001
 1.399999976E+000 3.288600159E+001
 1.404999971E+000 3.283700180E+001
 1.409999967E+000 3.279199982E+001
 1.414999962E+000 3.274599838E+001
 1.419999957E+000 3.269799805E+001
 1.424999952E+000 3.265200043E+001
 1.429999948E+000 3.260400009E+001
 1.434999943E+000 3.255899811E+001
 1.440000057E+000 3.251100159E+001
 1.445000052E+000 3.246599960E+001
 1.450000048E+000 3.241799927E+001
 1.455000043E+000 3.236999893E+001
 1.460000038E+000 3.232499695E+001
 1.465000033E+000 3.227799988E+001
 1.470000029E+000 3.223299789E+001
 1.475000024E+000 3.218500137E+001
 1.480000019E+000 3.214100266E+001
 1.485000014E+000 3.209399796E+001
 1.490000010E+000 3.204600143E+001
 1.495000005E+000 3.200199890E+001
 1.500000000E+000 3.195499992E+001
 1.504999995E+000 3.191099930E+001
 1.509999990E+000 3.186400032E+001
 1.514999986E+000 3.181699944E+001
 1.519999981E+000 3.177300072E+001
 1.524999976E+000 3.172699928E+001
 1.529999971E+000 3.168000031E+001
 1.534999967E+000 3.163600159E+001
 1.539999962E+000 3.159000015E+001
 1.544999957E+000 3.154399872E+001
 1.549999952E+000 3.150000000E+001
 1.554999948E+000 3.145400047E+001
 1.559999943E+000 3.140800095E+001
 1.565000057E+000 3.136199951E+001
 1.570000052E+000 3.131900024E+001
 1.575000048E+000 3.127299881E+001
 1.580000043E+000 3.122799873E+001
 1.585000038E+000 3.118200111E+001
 1.590000033E+000 3.113899994E+001
 1.595000029E+000 3.109399986E+001
 1.600000024E+000 3.104899979E+001
 1.605000019E+000 3.100300026E+001
 1.610000014E+000 3.095800018E+001
 1.615000010E+000 3.091599846E+001
 1.620000005E+000 3.087099838E+001
 1.625000000E+000 3.082599831E+001
 1.629999995E+000 3.078100204E+001
 1.634999990E+000 3.073699951E+001
 1.639999986E+000 3.069200134E+001
 1.644999981E+000 3.064700127E+001
 1.649999976E+000 3.060600090E+001
 1.654999971E+000 3.056100082E+001
 1.659999967E+000 3.051700020E+001
 1.664999962E+000 3.047299957E+001
 1.669999957E+000 3.042900085E+001
 1.674999952E+000 3.038500023E+001
 1.679999948E+000 3.034099770E+001
 1.684999943E+000 3.029699898E+001
 1.690000057E+000 3.025299835E+001
 1.695000052E+000 3.021000099E+001
 1.700000048E+000 3.016600037E+001
 1.705000043E+000 3.012300110E+001
 1.710000038E+000 3.007899857E+001
 1.715000033E+000 3.003599930E+001
 1.720000029E+000 2.999300003E+001
 1.725000024E+000 2.995000076E+001
 1.730000019E+000 2.990599823E+001
 1.735000014E+000 2.986400032E+001
 1.740000010E+000 2.982100105E+001
 1.745000005E+000 2.977799988E+001
 1.750000000E+000 2.973500061E+001
 1.754999995E+000 2.969299889E+001
 1.759999990E+000 2.964999962E+001
 1.764999986E+000 2.960800171E+001
 1.769999981E+000 2.956499863E+001
 1.774999976E+000 2.952300072E+001
 1.779999971E+000 2.948099899E+001
 1.784999967E+000 2.943900108E+001
 1.789999962E+000 2.939699936E+001
 1.794999957E+000 2.935500145E+001
 1.799999952E+000 2.931299973E+001
 1.804999948E+000 2.926899910E+001
 1.809999943E+000 2.922700119E+001
 1.815000057E+000 2.918600082E+001
 1.820000052E+000 2.914499855E+001
 1.825000048E+000 2.910300064E+001
 1.830000043E+000 2.906200027E+001
 1.835000038E+000 2.901799965E+001
 1.840000033E+000 2.897699928E+001
 1.845000029E+000 2.893599892E+001
 1.850000024E+000 2.889500046E+001
 1.855000019E+000 2.885400009E+001
 1.860000014E+000 2.881399918E+001
 1.865000010E+000 2.877099991E+001
 1.870000005E+000 2.872999954E+001
 1.875000000E+000 2.868999863E+001
 1.879999995E+000 2.864899826E+001
 1.884999990E+000 2.860700035E+001
 1.889999986E+000 2.856599998E+001
 1.894999981E+000 2.852599907E+001
 1.899999976E+000 2.848599815E+001
 1.904999971E+000 2.844400024E+001
 1.909999967E+000 2.840399933E+001
 1.914999962E+000 2.836400032E+001
 1.919999957E+000 2.832200050E+001
 1.924999952E+000 2.828299904E+001
 1.929999948E+000 2.824300194E+001
 1.934999943E+000 2.820100021E+001
 1.940000057E+000 2.816200066E+001
 1.945000052E+000 2.812300110E+001
 1.950000048E+000 2.808099937E+001
 1.955000043E+000 2.804199982E+001
 1.960000038E+000 2.800300026E+001
 1.965000033E+000 2.796199989E+001
 1.970000029E+000 2.792300034E+001
 1.975000024E+000 2.788399887E+001
 1.980000019E+000 2.784399986E+001
 1.985000014E+000 2.780500031E+001
 1.990000010E+000 2.776399994E+001
 1.995000005E+000 2.772599983E+001
 2.000000000E+000 2.768800163E+001
 2.005000114E+000 2.764699936E+001
 2.009999990E+000 2.760900116E+001
 2.015000105E+000 2.756900024E+001
 2.019999981E+000 2.753099823E+001
 2.025000095E+000 2.749100113E+001
 2.029999971E+000 2.745299911E+001
 2.035000086E+000 2.741500092E+001
 2.039999962E+000 2.737500000E+001
 2.045000076E+000 2.733799934E+001
 2.049999952E+000 2.729800034E+001
 2.055000067E+000 2.726099968E+001
 2.059999943E+000 2.722099876E+001
 2.065000057E+000 2.718400192E+001
 2.069999933E+000 2.714499855E+001
 2.075000048E+000 2.710799980E+001
 2.079999924E+000 2.706900024E+001
 2.085000038E+000 2.703000069E+001
 2.089999914E+000 2.699300003E+001
 2.095000029E+000 2.695400047E+001
 2.099999905E+000 2.691799927E+001
 2.105000019E+000 2.687899971E+001
 2.109999895E+000 2.684300041E+001
 2.115000010E+000 2.680399895E+001
 2.119999886E+000 2.676599884E+001
 2.125000000E+000 2.672900200E+001
 2.130000114E+000 2.669099998E+001
 2.134999990E+000 2.665500069E+001
 2.140000105E+000 2.661699867E+001
 2.144999981E+000 2.657900047E+001
 2.150000095E+000 2.654400063E+001
 2.154999971E+000 2.650600052E+001
 2.160000086E+000 2.647000122E+001
 2.164999962E+000 2.643299866E+001
 2.170000076E+000 2.639500046E+001
 2.174999952E+000 2.635999870E+001
 2.180000067E+000 2.632200050E+001
 2.184999943E+000 2.628499985E+001
 2.190000057E+000 2.624999809E+001
 2.194999933E+000 2.621300125E+001
 2.200000048E+000 2.617599869E+001
 2.204999924E+000 2.613899994E+001
 2.210000038E+000 2.610400009E+001
 2.214999914E+000 2.606799889E+001
 2.220000029E+000 2.603100014E+001
 2.224999905E+000 2.599700165E+001
 2.230000019E+000 2.596000099E+001
 2.234999895E+000 2.592399979E+001
 2.240000010E+000 2.588700104E+001
 2.244999886E+000 2.585300064E+001
 2.250000000E+000 2.581699944E+001
 2.255000114E+000 2.578100014E+001
 2.259999990E+000 2.574499893E+001
 2.265000105E+000 2.571099854E+001
 2.269999981E+000 2.567500114E+001
 2.275000095E+000 2.564000130E+001
 2.279999971E+000 2.560400009E+001
 2.285000086E+000 2.556900024E+001
 2.289999962E+000 2.553299904E+001
 2.295000076E+000 2.550000000E+001
 2.299999952E+000 2.546500015E+001
 2.305000067E+000 2.542899895E+001
 2.309999943E+000 2.539399910E+001
 2.315000057E+000 2.535899925E+001
 2.319999933E+000 2.532400131E+001
 2.325000048E+000 2.529100037E+001
 2.329999924E+000 2.525699997E+001
 2.335000038E+000 2.522200012E+001
 2.339999914E+000 2.518700027E+001
 2.345000029E+000 2.515299988E+001
 2.349999905E+000 2.511800003E+001
 2.355000019E+000 2.508399963E+001
 2.359999895E+000 2.505000114E+001
 2.365000010E+000 2.501600075E+001
 2.369999886E+000 2.498100090E+001
 2.375000000E+000 2.494899940E+001
 2.380000114E+000 2.491499901E+001
 2.384999990E+000 2.488100052E+001
 2.390000105E+000 2.484800148E+001
 2.394999981E+000 2.481400108E+001
 2.400000095E+000 2.477999878E+001
 2.404999971E+000 2.474699974E+001
 2.410000086E+000 2.471299934E+001
 2.414999962E+000 2.468000031E+001
 2.420000076E+000 2.464699936E+001
 2.424999952E+000 2.461299896E+001
 2.430000067E+000 2.457999992E+001
 2.434999943E+000 2.454700089E+001
 2.440000057E+000 2.451399994E+001
 2.444999933E+000 2.448100090E+001
 2.450000048E+000 2.444899940E+001
 2.454999924E+000 2.441600037E+001
 2.460000038E+000 2.438300133E+001
 2.464999914E+000 2.435099983E+001
 2.470000029E+000 2.431800079E+001
 2.474999905E+000 2.428599930E+001
 2.480000019E+000 2.425300026E+001
 2.484999895E+000 2.421899986E+001
 2.490000010E+000 2.418699837E+001
 2.494999886E+000 2.415500069E+001
 2.500000000E+000 2.412299919E+001
 2.505000114E+000 2.409100151E+001
 2.509999990E+000 2.405900002E+001
 2.515000105E+000 2.402700043E+001
 2.519999981E+000 2.399499893E+001
 2.525000095E+000 2.396399879E+001
 2.529999971E+000 2.393099976E+001
 2.535000086E+000 2.389900208E+001
 2.539999962E+000 2.386800003E+001
 2.545000076E+000 2.383599854E+001
 2.549999952E+000 2.380500031E+001
 2.555000067E+000 2.377400017E+001
 2.559999943E+000 2.374300003E+001
 2.565000057E+000 2.371000099E+001
 2.569999933E+000 2.367900085E+001
 2.575000048E+000 2.364799881E+001
 2.579999924E+000 2.361700058E+001
 2.585000038E+000 2.358600044E+001
 2.589999914E+000 2.355399895E+001
 2.595000029E+000 2.352300072E+001
 2.599999905E+000 2.349300194E+001
 2.605000019E+000 2.346199989E+001
 2.609999895E+000 2.342999840E+001
 2.615000010E+000 2.339999962E+001
 2.619999886E+000 2.336999893E+001
 2.625000000E+000 2.334000206E+001
 2.630000114E+000 2.330800056E+001
 2.634999990E+000 2.327799988E+001
 2.640000105E+000 2.324799919E+001
 2.644999981E+000 2.321800041E+001
 2.650000095E+000 2.318699837E+001
 2.654999971E+000 2.315700150E+001
 2.660000086E+000 2.312700081E+001
 2.664999962E+000 2.309600067E+001
 2.670000076E+000 2.306700134E+001
 2.674999952E+000 2.303700066E+001
 2.680000067E+000 2.300799942E+001
 2.684999943E+000 2.297700119E+001
 2.690000057E+000 2.294799995E+001
 2.694999933E+000 2.291899872E+001
 2.700000048E+000 2.288800049E+001
 2.704999924E+000 2.285900116E+001
 2.710000038E+000 2.282799911E+001
 2.714999914E+000 2.279899979E+001
 2.720000029E+000 2.277099991E+001
 2.724999905E+000 2.273999977E+001
 2.730000019E+000 2.271199989E+001
 2.734999895E+000 2.268300056E+001
 2.740000010E+000 2.265299988E+001
 2.744999886E+000 2.262500000E+001
 2.750000000E+000 2.259499931E+001
 2.755000114E+000 2.256599998E+001
 2.759999990E+000 2.253800011E+001
 2.765000105E+000 2.250799942E+001
 2.769999981E+000 2.247999954E+001
 2.775000095E+000 2.245100021E+001
 2.779999971E+000 2.242300034E+001
 2.785000086E+000 2.239299965E+001
 2.789999962E+000 2.236499977E+001
 2.795000076E+000 2.233600044E+001
 2.799999952E+000 2.230800056E+001
 2.805000067E+000 2.227899933E+001
 2.809999943E+000 2.225200081E+001
 2.815000057E+000 2.222300148E+001
 2.819999933E+000 2.219499969E+001
 2.825000048E+000 2.216600037E+001
 2.829999924E+000 2.213899994E+001
 2.835000038E+000 2.210999870E+001
 2.839999914E+000 2.208300018E+001
 2.845000029E+000 2.205500031E+001
 2.849999905E+000 2.202799988E+001
 2.855000019E+000 2.199900055E+001
 2.859999895E+000 2.197200012E+001
 2.865000010E+000 2.194400024E+001
 2.869999886E+000 2.191699982E+001
 2.875000000E+000 2.188899994E+001
 2.880000114E+000 2.186100006E+001
 2.884999990E+000 2.183399963E+001
 2.890000105E+000 2.180599976E+001
 2.894999981E+000 2.178000069E+001
 2.900000095E+000 2.175200081E+001
 2.904999971E+000 2.172599983E+001
 2.910000086E+000 2.169799995E+001
 2.914999962E+000 2.167000008E+001
 2.920000076E+000 2.164400101E+001
 2.924999952E+000 2.161700058E+001
 2.930000067E+000 2.158900070E+001
 2.934999943E+000 2.156299973E+001
 2.940000057E+000 2.153599930E+001
 2.944999933E+000 2.150899887E+001
 2.950000048E+000 2.148299980E+001
 2.954999924E+000 2.145600128E+001
 2.960000038E+000 2.142900085E+001
 2.964999914E+000 2.140299988E+001
 2.970000029E+000 2.137599945E+001
 2.974999905E+000 2.134900093E+001
 2.980000019E+000 2.132399940E+001
 2.984999895E+000 2.129700089E+001
 2.990000010E+000 2.127099991E+001
 2.994999886E+000 2.124500084E+001
 3.000000000E+000 2.121899986E+001
 3.005000114E+000 2.119199944E+001
 3.009999990E+000 2.116600037E+001
 3.015000105E+000 2.114100075E+001
 3.019999981E+000 2.111499977E+001
 3.025000095E+000 2.108900070E+001
 3.029999971E+000 2.106200027E+001
 3.035000086E+000 2.103800011E+001
 3.039999962E+000 2.101199913E+001
 3.045000076E+000 2.098600006E+001
 3.049999952E+000 2.095999908E+001
 3.055000067E+000 2.093499947E+001
 3.059999943E+000 2.090900040E+001
 3.065000057E+000 2.088400078E+001
 3.069999933E+000 2.085799980E+001
 3.075000048E+000 2.083300018E+001
 3.079999924E+000 2.080800056E+001
 3.085000038E+000 2.078300095E+001
 3.089999914E+000 2.075699997E+001
 3.095000029E+000 2.073200035E+001
 3.099999905E+000 2.070699883E+001
 3.105000019E+000 2.068200111E+001
 3.109999895E+000 2.065600014E+001
 3.115000010E+000 2.063299942E+001
 3.119999886E+000 2.060799980E+001
 3.125000000E+000 2.058300018E+001
 3.130000114E+000 2.055800056E+001
 3.134999990E+000 2.053300095E+001
 3.140000105E+000 2.050799942E+001
 3.144999981E+000 2.048299980E+001
 3.150000095E+000 2.045899963E+001
 3.154999971E+000 2.043499947E+001
 3.160000086E+000 2.041099930E+001
 3.164999962E+000 2.038599968E+001
 3.170000076E+000 2.036199951E+001
 3.174999952E+000 2.033699989E+001
 3.180000067E+000 2.031299973E+001
 3.184999943E+000 2.028899956E+001
 3.190000057E+000 2.026399994E+001
 3.194999933E+000 2.023999977E+001
 3.200000048E+000 2.021599960E+001
 3.204999924E+000 2.019200134E+001
 3.210000038E+000 2.016799927E+001
 3.214999914E+000 2.014399910E+001
 3.220000029E+000 2.012000084E+001
 3.224999905E+000 2.009599876E+001
 3.230000019E+000 2.007299995E+001
 3.234999895E+000 2.004899979E+001
 3.240000010E+000 2.002499962E+001
 3.244999886E+000 2.000199890E+001
 3.250000000E+000 1.997800064E+001
 3.255000114E+000 1.995499992E+001
 3.259999990E+000 1.993099976E+001
 3.265000105E+000 1.990799904E+001
 3.269999981E+000 1.988400078E+001
 3.275000095E+000 1.986100006E+001
 3.279999971E+000 1.983800125E+001
 3.285000086E+000 1.981500053E+001
 3.289999962E+000 1.979199982E+001
 3.295000076E+000 1.976900101E+001
 3.299999952E+000 1.974600029E+001
 3.305000067E+000 1.972100067E+001
 3.309999943E+000 1.969899940E+001
 3.315000057E+000 1.967600060E+001
 3.319999933E+000 1.965299988E+001
 3.325000048E+000 1.963000107E+001
 3.329999924E+000 1.960700035E+001
 3.335000038E+000 1.958499908E+001
 3.339999914E+000 1.956200027E+001
 3.345000029E+000 1.953999901E+001
 3.349999905E+000 1.951600075E+001
 3.355000019E+000 1.949399948E+001
 3.359999895E+000 1.947100067E+001
 3.365000010E+000 1.944899940E+001
 3.369999886E+000 1.942700005E+001
 3.375000000E+000 1.940500069E+001
 3.380000114E+000 1.938099861E+001
 3.384999990E+000 1.935899925E+001
 3.390000105E+000 1.933699989E+001
 3.394999981E+000 1.931500053E+001
 3.400000095E+000 1.929299927E+001
 3.404999971E+000 1.927000046E+001
 3.410000086E+000 1.924799919E+001
 3.414999962E+000 1.922599983E+001
 3.420000076E+000 1.920499992E+001
 3.424999952E+000 1.918299866E+001
 3.430000067E+000 1.915999985E+001
 3.434999943E+000 1.913899994E+001
 3.440000057E+000 1.911700058E+001
 3.444999933E+000 1.909600067E+001
 3.450000048E+000 1.907299995E+001
 3.454999924E+000 1.905200005E+001
 3.460000038E+000 1.902999878E+001
 3.464999914E+000 1.900799942E+001
 3.470000029E+000 1.898699951E+001
 3.474999905E+000 1.896500015E+001
 3.480000019E+000 1.894400024E+001
 3.484999895E+000 1.892200089E+001
 3.490000010E+000 1.890099907E+001
 3.494999886E+000 1.887999916E+001
 3.500000000E+000 1.885799980E+001
 3.505000114E+000 1.883699989E+001
 3.509999990E+000 1.881599998E+001
 3.515000105E+000 1.879400063E+001
 3.519999981E+000 1.877400017E+001
 3.525000095E+000 1.875300026E+001
 3.529999971E+000 1.873099899E+001
 3.535000086E+000 1.871000099E+001
 3.539999962E+000 1.869000053E+001
 3.545000076E+000 1.866800117E+001
 3.549999952E+000 1.864800072E+001
 3.555000067E+000 1.862699890E+001
 3.559999943E+000 1.860600090E+001
 3.565000057E+000 1.858600044E+001
 3.569999933E+000 1.856400108E+001
 3.575000048E+000 1.854400063E+001
 3.579999924E+000 1.852400017E+001
 3.585000038E+000 1.850300026E+001
 3.589999914E+000 1.848200035E+001
 3.595000029E+000 1.846100044E+001
 3.599999905E+000 1.844099998E+001
 3.605000019E+000 1.842000008E+001
 3.609999895E+000 1.839999962E+001
 3.615000010E+000 1.837899971E+001
 3.619999886E+000 1.836000061E+001
 3.625000000E+000 1.834000015E+001
 3.630000114E+000 1.831900024E+001
 3.634999990E+000 1.829899979E+001
 3.640000105E+000 1.827899933E+001
 3.644999981E+000 1.825900078E+001
 3.650000095E+000 1.823799896E+001
 3.654999971E+000 1.821899986E+001
 3.660000086E+000 1.819799995E+001
 3.664999962E+000 1.817899895E+001
 3.670000076E+000 1.815899849E+001
 3.674999952E+000 1.813899994E+001
 3.680000067E+000 1.811900139E+001
 3.684999943E+000 1.810000038E+001
 3.690000057E+000 1.807900047E+001
 3.694999933E+000 1.805900002E+001
 3.700000048E+000 1.804000092E+001
 3.704999924E+000 1.802000046E+001
 3.710000038E+000 1.800099945E+001
 3.714999914E+000 1.798099899E+001
 3.720000029E+000 1.796199989E+001
 3.724999905E+000 1.794199944E+001
 3.730000019E+000 1.792199898E+001
 3.734999895E+000 1.790299988E+001
 3.740000010E+000 1.788400078E+001
 3.744999886E+000 1.786499977E+001
 3.750000000E+000 1.784499931E+001
 3.755000114E+000 1.782600021E+001
 3.759999990E+000 1.780700111E+001
 3.765000105E+000 1.778700066E+001
 3.769999981E+000 1.776899910E+001
 3.775000095E+000 1.774900055E+001
 3.779999971E+000 1.772999954E+001
 3.785000086E+000 1.771199989E+001
 3.789999962E+000 1.769199944E+001
 3.795000076E+000 1.767300034E+001
 3.799999952E+000 1.765500069E+001
 3.805000067E+000 1.763500023E+001
 3.809999943E+000 1.761599922E+001
 3.815000057E+000 1.759799957E+001
 3.819999933E+000 1.757900047E+001
 3.825000048E+000 1.756000137E+001
 3.829999924E+000 1.754199982E+001
 3.835000038E+000 1.752300072E+001
 3.839999914E+000 1.750399971E+001
 3.845000029E+000 1.748600006E+001
 3.849999905E+000 1.746699905E+001
 3.855000019E+000 1.744799995E+001
 3.859999895E+000 1.743000031E+001
 3.865000010E+000 1.741199875E+001
 3.869999886E+000 1.739299965E+001
 3.875000000E+000 1.737500000E+001
 3.880000114E+000 1.735600090E+001
 3.884999990E+000 1.733799934E+001
 3.890000105E+000 1.731999969E+001
 3.894999981E+000 1.730200005E+001
 3.900000095E+000 1.728300095E+001
 3.904999971E+000 1.726599884E+001
 3.910000086E+000 1.724699974E+001
 3.914999962E+000 1.722900009E+001
 3.920000076E+000 1.721100044E+001
 3.924999952E+000 1.719300079E+001
 3.930000067E+000 1.717499924E+001
 3.934999943E+000 1.715699959E+001
 3.940000057E+000 1.713899994E+001
 3.944999933E+000 1.712100029E+001
 3.950000048E+000 1.710299873E+001
 3.954999924E+000 1.708500099E+001
 3.960000038E+000 1.706799889E+001
 3.964999914E+000 1.705000114E+001
 3.970000029E+000 1.703199959E+001
 3.974999905E+000 1.701399994E+001
 3.980000019E+000 1.699600029E+001
 3.984999895E+000 1.697900009E+001
 3.990000010E+000 1.696100044E+001
 3.994999886E+000 1.694400024E+001
 4.000000000E+000 1.692700005E+001
 4.005000114E+000 1.690900040E+001
 4.010000229E+000 1.689100075E+001
 4.014999866E+000 1.687400055E+001
 4.019999981E+000 1.685599899E+001
 4.025000095E+000 1.683900070E+001
 4.030000210E+000 1.682200050E+001
 4.034999847E+000 1.680399895E+001
 4.039999962E+000 1.678700066E+001
 4.045000076E+000 1.677000046E+001
 4.050000191E+000 1.675300026E+001
 4.054999828E+000 1.673600006E+001
 4.059999943E+000 1.671899986E+001
 4.065000057E+000 1.670199966E+001
 4.070000172E+000 1.668400002E+001
 4.074999809E+000 1.666699982E+001
 4.079999924E+000 1.664999962E+001
 4.085000038E+000 1.663299942E+001
 4.090000153E+000 1.661599922E+001
 4.094999790E+000 1.659899902E+001
 4.099999905E+000 1.658300018E+001
 4.105000019E+000 1.656599998E+001
 4.110000134E+000 1.654899979E+001
 4.114999771E+000 1.653199959E+001
 4.119999886E+000 1.651499939E+001
 4.125000000E+000 1.649899864E+001
 4.130000114E+000 1.648200035E+001
 4.135000229E+000 1.646500015E+001
 4.139999866E+000 1.644900131E+001
 4.144999981E+000 1.643200111E+001
 4.150000095E+000 1.641600037E+001
 4.155000210E+000 1.639900017E+001
 4.159999847E+000 1.638199997E+001
 4.164999962E+000 1.636499977E+001
 4.170000076E+000 1.634899902E+001
 4.175000191E+000 1.633300018E+001
 4.179999828E+000 1.631599998E+001
 4.184999943E+000 1.629999924E+001
 4.190000057E+000 1.628400040E+001
 4.195000172E+000 1.626700020E+001
 4.199999809E+000 1.625099945E+001
 4.204999924E+000 1.623500061E+001
 4.210000038E+000 1.621899986E+001
 4.215000153E+000 1.620200157E+001
 4.219999790E+000 1.618600082E+001
 4.224999905E+000 1.617000008E+001
 4.230000019E+000 1.615399933E+001
 4.235000134E+000 1.613799858E+001
 4.239999771E+000 1.612199974E+001
 4.244999886E+000 1.610599899E+001
 4.250000000E+000 1.609000015E+001
 4.255000114E+000 1.607399940E+001
 4.260000229E+000 1.605800056E+001
 4.264999866E+000 1.604199982E+001
 4.269999981E+000 1.602600098E+001
 4.275000095E+000 1.601099968E+001
 4.280000210E+000 1.599400043E+001
 4.284999847E+000 1.597900009E+001
 4.289999962E+000 1.596299934E+001
 4.295000076E+000 1.594799995E+001
 4.300000191E+000 1.593200016E+001
 4.304999828E+000 1.591599941E+001
 4.309999943E+000 1.590000057E+001
 4.315000057E+000 1.588500023E+001
 4.320000172E+000 1.586899948E+001
 4.324999809E+000 1.585400009E+001
 4.329999924E+000 1.583800030E+001
 4.335000038E+000 1.582299995E+001
 4.340000153E+000 1.580700016E+001
 4.344999790E+000 1.579199982E+001
 4.349999905E+000 1.577600002E+001
 4.355000019E+000 1.576100063E+001
 4.360000134E+000 1.574600029E+001
 4.364999771E+000 1.573099995E+001
 4.369999886E+000 1.571499920E+001
 4.375000000E+000 1.569999981E+001
 4.380000114E+000 1.568500042E+001
 4.385000229E+000 1.566899967E+001
 4.389999866E+000 1.565400028E+001
 4.394999981E+000 1.563899994E+001
 4.400000095E+000 1.562300014E+001
 4.405000210E+000 1.560899925E+001
 4.409999847E+000 1.559399986E+001
 4.414999962E+000 1.557899952E+001
 4.420000076E+000 1.556300068E+001
 4.425000191E+000 1.554899979E+001
 4.429999828E+000 1.553400040E+001
 4.434999943E+000 1.551900005E+001
 4.440000057E+000 1.550400066E+001
 4.445000172E+000 1.548799992E+001
 4.449999809E+000 1.547399998E+001
 4.454999924E+000 1.545900059E+001
 4.460000038E+000 1.544400024E+001
 4.465000153E+000 1.543000031E+001
 4.469999790E+000 1.541500092E+001
 4.474999905E+000 1.540000057E+001
 4.480000019E+000 1.538500023E+001
 4.485000134E+000 1.536999989E+001
 4.489999771E+000 1.535600090E+001
 4.494999886E+000 1.534200001E+001
 4.500000000E+000 1.532699966E+001
 4.505000114E+000 1.531199932E+001
 4.510000229E+000 1.529699993E+001
 4.514999866E+000 1.528299999E+001
 4.519999981E+000 1.526900005E+001
 4.525000095E+000 1.525400066E+001
 4.530000210E+000 1.523999977E+001
 4.534999847E+000 1.522499943E+001
 4.539999962E+000 1.521099949E+001
 4.545000076E+000 1.519600010E+001
 4.550000191E+000 1.518200016E+001
 4.554999828E+000 1.516699982E+001
 4.559999943E+000 1.515300083E+001
 4.565000057E+000 1.513899994E+001
 4.570000172E+000 1.512500000E+001
 4.574999809E+000 1.510999966E+001
 4.579999924E+000 1.509600067E+001
 4.585000038E+000 1.508199978E+001
 4.590000153E+000 1.506799984E+001
 4.594999790E+000 1.505400085E+001
 4.599999905E+000 1.503999996E+001
 4.605000019E+000 1.502499962E+001
 4.610000134E+000 1.501200104E+001
 4.614999771E+000 1.499700069E+001
 4.619999886E+000 1.498400021E+001
 4.625000000E+000 1.496899986E+001
 4.630000114E+000 1.495599937E+001
 4.635000229E+000 1.494200039E+001
 4.639999866E+000 1.492800045E+001
 4.644999981E+000 1.491399956E+001
 4.650000095E+000 1.490000057E+001
 4.655000210E+000 1.488600063E+001
 4.659999847E+000 1.487199974E+001
 4.664999962E+000 1.485899925E+001
 4.670000076E+000 1.484500027E+001
 4.675000191E+000 1.483100033E+001
 4.679999828E+000 1.481699944E+001
 4.684999943E+000 1.480400085E+001
 4.690000057E+000 1.478999996E+001
 4.695000172E+000 1.477600002E+001
 4.699999809E+000 1.476299953E+001
 4.704999924E+000 1.474900055E+001
 4.710000038E+000 1.473500061E+001
 4.715000153E+000 1.472200012E+001
 4.719999790E+000 1.470799923E+001
 4.724999905E+000 1.469500065E+001
 4.730000019E+000 1.468200016E+001
 4.735000134E+000 1.466800022E+001
 4.739999771E+000 1.465499973E+001
 4.744999886E+000 1.464100075E+001
 4.750000000E+000 1.462800026E+001
 4.755000114E+000 1.461499977E+001
 4.760000229E+000 1.460100079E+001
 4.764999866E+000 1.458800030E+001
 4.769999981E+000 1.457499981E+001
 4.775000095E+000 1.456099987E+001
 4.780000210E+000 1.454799938E+001
 4.784999847E+000 1.453499985E+001
 4.789999962E+000 1.452200031E+001
 4.795000076E+000 1.450799942E+001
 4.800000191E+000 1.449500084E+001
 4.804999828E+000 1.448200035E+001
 4.809999943E+000 1.446899986E+001
 4.815000057E+000 1.445599937E+001
 4.820000172E+000 1.444300079E+001
 4.824999809E+000 1.443000031E+001
 4.829999924E+000 1.441699982E+001
 4.835000038E+000 1.440299988E+001
 4.840000153E+000 1.439100075E+001
 4.844999790E+000 1.437800026E+001
 4.849999905E+000 1.436499977E+001
 4.855000019E+000 1.435100079E+001
 4.860000134E+000 1.433900070E+001
 4.864999771E+000 1.432600021E+001
 4.869999886E+000 1.431299973E+001
 4.875000000E+000 1.429999924E+001
 4.880000114E+000 1.428800011E+001
 4.885000229E+000 1.427499962E+001
 4.889999866E+000 1.426200008E+001
 4.894999981E+000 1.424899960E+001
 4.900000095E+000 1.423600006E+001
 4.905000210E+000 1.422399998E+001
 4.909999847E+000 1.421099949E+001
 4.914999962E+000 1.419800091E+001
 4.920000076E+000 1.418599892E+001
 4.925000191E+000 1.417300034E+001
 4.929999828E+000 1.415999985E+001
 4.934999943E+000 1.414799976E+001
 4.940000057E+000 1.413500023E+001
 4.945000172E+000 1.412300014E+001
 4.949999809E+000 1.410999966E+001
 4.954999924E+000 1.409799957E+001
 4.960000038E+000 1.408500004E+001
 4.965000153E+000 1.407299995E+001
 4.969999790E+000 1.406099987E+001
 4.974999905E+000 1.404799938E+001
 4.980000019E+000 1.403600025E+001
 4.985000134E+000 1.402299976E+001
 4.989999771E+000 1.401099968E+001
 4.994999886E+000 1.399799919E+001
 5.000000000E+000 1.398599911E+001
 5.005000114E+000 1.397300053E+001
 5.010000229E+000 1.396199989E+001
 5.014999866E+000 1.394899940E+001
 5.019999981E+000 1.393700027E+001
 5.025000095E+000 1.392500019E+001
