2.999999933E-002 1.960300088E+000
 3.500000015E-002 1.951099992E+000
 3.999999911E-002 1.942899942E+000
 4.500000179E-002 1.934000015E+000
 5.000000075E-002 1.925400019E+000
 5.499999970E-002 1.917200089E+000
 5.999999866E-002 1.909399986E+000
 6.499999762E-002 1.902800083E+000
 7.000000030E-002 1.896100044E+000
 7.500000298E-002 1.890100002E+000
 7.999999821E-002 1.885299921E+000
 8.500000089E-002 1.881199956E+000
 9.000000358E-002 1.877399921E+000
 9.499999881E-002 1.875200033E+000
 1.000000015E-001 1.873399973E+000
 1.049999967E-001 1.872500062E+000
 1.099999994E-001 1.872700095E+000
 1.150000021E-001 1.873800039E+000
 1.199999973E-001 1.875699997E+000
 1.250000000E-001 1.878600001E+000
 1.299999952E-001 1.882300019E+000
 1.350000054E-001 1.887000084E+000
 1.400000006E-001 1.892600060E+000
 1.449999958E-001 1.899000049E+000
 1.500000060E-001 1.906299949E+000
 1.550000012E-001 1.914499998E+000
 1.599999964E-001 1.923400044E+000
 1.650000066E-001 1.933200002E+000
 1.700000018E-001 1.943799973E+000
 1.749999970E-001 1.955299973E+000
 1.800000072E-001 1.967299938E+000
 1.850000024E-001 1.980399966E+000
 1.899999976E-001 1.994100094E+000
 1.949999928E-001 2.008599997E+000
 2.000000030E-001 2.023900032E+000
 2.049999982E-001 2.039900064E+000
 2.099999934E-001 2.056800127E+000
 2.150000036E-001 2.074499846E+000
 2.199999988E-001 2.092700005E+000
 2.249999940E-001 2.111999989E+000
 2.300000042E-001 2.131700039E+000
 2.349999994E-001 2.152300119E+000
 2.399999946E-001 2.174000025E+000
 2.450000048E-001 2.196099997E+000
 2.500000000E-001 2.219099998E+000
 2.549999952E-001 2.242799997E+000
 2.599999905E-001 2.267400026E+000
 2.649999857E-001 2.292799950E+000
 2.700000107E-001 2.318599939E+000
 2.750000060E-001 2.345600128E+000
 2.800000012E-001 2.373399973E+000
 2.849999964E-001 2.401999950E+000
 2.899999917E-001 2.431400061E+000
 2.949999869E-001 2.461600065E+000
 3.000000119E-001 2.492599964E+000
 3.050000072E-001 2.524000168E+000
 3.100000024E-001 2.556699991E+000
 3.149999976E-001 2.589999914E+000
 3.199999928E-001 2.624199867E+000
 3.249999881E-001 2.659199953E+000
 3.300000131E-001 2.694900036E+000
 3.350000083E-001 2.731299877E+000
 3.400000036E-001 2.768500090E+000
 3.449999988E-001 2.806499958E+000
 3.499999940E-001 2.845200062E+000
 3.549999893E-001 2.884900093E+000
 3.600000143E-001 2.924999952E+000
 3.650000095E-001 2.965800047E+000
 3.700000048E-001 3.007600069E+000
 3.750000000E-001 3.049700022E+000
 3.799999952E-001 3.092800140E+000
 3.849999905E-001 3.136199951E+000
 3.899999857E-001 3.180499792E+000
 3.950000107E-001 3.225199938E+000
 4.000000060E-001 3.270699978E+000
 4.050000012E-001 3.316799879E+000
 4.099999964E-001 3.363399982E+000
 4.149999917E-001 3.410599947E+000
 4.199999869E-001 3.458300114E+000
 4.250000119E-001 3.506500006E+000
 4.300000072E-001 3.555200100E+000
 4.350000024E-001 3.604500055E+000
 4.399999976E-001 3.654100180E+000
 4.449999928E-001 3.704200029E+000
 4.499999881E-001 3.754899979E+000
 4.550000131E-001 3.805700064E+000
 4.600000083E-001 3.857199907E+000
 4.650000036E-001 3.908999920E+000
 4.699999988E-001 3.960999966E+000
 4.749999940E-001 4.013400078E+000
 4.799999893E-001 4.066200256E+000
 4.850000143E-001 4.119299889E+000
 4.900000095E-001 4.172699928E+000
 4.950000048E-001 4.226399899E+000
 5.000000000E-001 4.280300140E+000
 5.049999952E-001 4.334499836E+000
 5.099999905E-001 4.388800144E+000
 5.149999857E-001 4.443399906E+000
 5.199999809E-001 4.498199940E+000
 5.249999762E-001 4.553199768E+000
 5.299999714E-001 4.608299732E+000
 5.350000262E-001 4.663599968E+000
 5.400000215E-001 4.719000340E+000
 5.450000167E-001 4.774499893E+000
 5.500000119E-001 4.830199718E+000
 5.550000072E-001 4.885900021E+000
 5.600000024E-001 4.941699982E+000
 5.649999976E-001 4.997600079E+000
 5.699999928E-001 5.053500175E+000
 5.749999881E-001 5.109499931E+000
 5.799999833E-001 5.165500164E+000
 5.849999785E-001 5.221600056E+000
 5.899999738E-001 5.277600288E+000
 5.950000286E-001 5.333600044E+000
 6.000000238E-001 5.389599800E+000
 6.050000191E-001 5.445600033E+000
 6.100000143E-001 5.501599789E+000
 6.150000095E-001 5.557499886E+000
 6.200000048E-001 5.613399982E+000
 6.250000000E-001 5.669199944E+000
 6.299999952E-001 5.724800110E+000
 6.349999905E-001 5.780500412E+000
 6.399999857E-001 5.835999966E+000
 6.449999809E-001 5.891399860E+000
 6.499999762E-001 5.946699619E+000
 6.549999714E-001 6.002000332E+000
 6.600000262E-001 6.057000160E+000
 6.650000215E-001 6.112000465E+000
 6.700000167E-001 6.166800022E+000
 6.750000119E-001 6.221400261E+000
 6.800000072E-001 6.275899887E+000
 6.850000024E-001 6.330199718E+000
 6.899999976E-001 6.384400368E+000
 6.949999928E-001 6.438399792E+000
 6.999999881E-001 6.492199898E+000
 7.049999833E-001 6.545899868E+000
 7.099999785E-001 6.599299908E+000
 7.149999738E-001 6.652500153E+000
 7.200000286E-001 6.705500126E+000
 7.250000238E-001 6.758300304E+000
 7.300000191E-001 6.810900211E+000
 7.350000143E-001 6.863299847E+000
 7.400000095E-001 6.915399551E+000
 7.450000048E-001 6.967399597E+000
 7.500000000E-001 7.018999577E+000
 7.549999952E-001 7.070500374E+000
 7.599999905E-001 7.121699810E+000
 7.649999857E-001 7.172600269E+000
 7.699999809E-001 7.223299980E+000
 7.749999762E-001 7.273799896E+000
 7.799999714E-001 7.324000359E+000
 7.850000262E-001 7.373899937E+000
 7.900000215E-001 7.423600197E+000
 7.950000167E-001 7.473000050E+000
 8.000000119E-001 7.522099972E+000
 8.050000072E-001 7.571000099E+000
 8.100000024E-001 7.619599819E+000
 8.149999976E-001 7.667900085E+000
 8.199999928E-001 7.715899944E+000
 8.249999881E-001 7.763599873E+000
 8.299999833E-001 7.811100483E+000
 8.349999785E-001 7.858300209E+000
 8.399999738E-001 7.905200005E+000
 8.450000286E-001 7.951699734E+000
 8.500000238E-001 7.998000145E+000
 8.550000191E-001 8.043899536E+000
 8.600000143E-001 8.089599609E+000
 8.650000095E-001 8.135000229E+000
 8.700000048E-001 8.180099487E+000
 8.750000000E-001 8.224900246E+000
 8.799999952E-001 8.269400597E+000
 8.849999905E-001 8.313500404E+000
 8.899999857E-001 8.357399940E+000
 8.949999809E-001 8.401000023E+000
 8.999999762E-001 8.444199562E+000
 9.049999714E-001 8.487199783E+000
 9.100000262E-001 8.529700279E+000
 9.150000215E-001 8.572099686E+000
 9.200000167E-001 8.614099503E+000
 9.250000119E-001 8.655799866E+000
 9.300000072E-001 8.697199821E+000
 9.350000024E-001 8.738100052E+000
 9.399999976E-001 8.778900146E+000
 9.449999928E-001 8.819399834E+000
 9.499999881E-001 8.859499931E+000
 9.549999833E-001 8.899199486E+000
 9.599999785E-001 8.938699722E+000
 9.649999738E-001 8.977899551E+000
 9.700000286E-001 9.016799927E+000
 9.750000238E-001 9.055199623E+000
 9.800000191E-001 9.093400002E+000
 9.850000143E-001 9.131299973E+000
 9.900000095E-001 9.168800354E+000
 9.950000048E-001 9.206100464E+000
 1.000000000E+000 9.243100166E+000
 1.004999995E+000 9.279700279E+000
 1.009999990E+000 9.315999985E+000
 1.014999986E+000 9.352000237E+000
 1.019999981E+000 9.387700081E+000
 1.024999976E+000 9.423000336E+000
 1.029999971E+000 9.458100319E+000
 1.034999967E+000 9.492799759E+000
 1.039999962E+000 9.527200699E+000
 1.044999957E+000 9.561300278E+000
 1.049999952E+000 9.595099449E+000
 1.054999948E+000 9.628499985E+000
 1.059999943E+000 9.661700249E+000
 1.065000057E+000 9.694600105E+000
 1.070000052E+000 9.727199554E+000
 1.075000048E+000 9.759400368E+000
 1.080000043E+000 9.791399956E+000
 1.085000038E+000 9.822999954E+000
 1.090000033E+000 9.854300499E+000
 1.095000029E+000 9.885300636E+000
 1.100000024E+000 9.916000366E+000
 1.105000019E+000 9.946399689E+000
 1.110000014E+000 9.976499557E+000
 1.115000010E+000 1.000599957E+001
 1.120000005E+000 1.003600025E+001
 1.125000000E+000 1.006500053E+001
 1.129999995E+000 1.009399986E+001
 1.134999990E+000 1.012300014E+001
 1.139999986E+000 1.015100002E+001
 1.144999981E+000 1.017899990E+001
 1.149999976E+000 1.020699978E+001
 1.154999971E+000 1.023400021E+001
 1.159999967E+000 1.026099968E+001
 1.164999962E+000 1.028800011E+001
 1.169999957E+000 1.031500053E+001
 1.174999952E+000 1.034100056E+001
 1.179999948E+000 1.036700058E+001
 1.184999943E+000 1.039200020E+001
 1.190000057E+000 1.041800022E+001
 1.195000052E+000 1.044299984E+001
 1.200000048E+000 1.046800041E+001
 1.205000043E+000 1.049199963E+001
 1.210000038E+000 1.051700020E+001
 1.215000033E+000 1.054100037E+001
 1.220000029E+000 1.056499958E+001
 1.225000024E+000 1.058800030E+001
 1.230000019E+000 1.061100006E+001
 1.235000014E+000 1.063399982E+001
 1.240000010E+000 1.065699959E+001
 1.245000005E+000 1.067899990E+001
 1.250000000E+000 1.070099926E+001
 1.254999995E+000 1.072300053E+001
 1.259999990E+000 1.074499989E+001
 1.264999986E+000 1.076599979E+001
 1.269999981E+000 1.078699970E+001
 1.274999976E+000 1.080799961E+001
 1.279999971E+000 1.082800007E+001
 1.284999967E+000 1.084899998E+001
 1.289999962E+000 1.086900043E+001
 1.294999957E+000 1.088899994E+001
 1.299999952E+000 1.090799999E+001
 1.304999948E+000 1.092700005E+001
 1.309999943E+000 1.094600010E+001
 1.315000057E+000 1.096500015E+001
 1.320000052E+000 1.098400021E+001
 1.325000048E+000 1.100199986E+001
 1.330000043E+000 1.102000046E+001
 1.335000038E+000 1.103800011E+001
 1.340000033E+000 1.105599976E+001
 1.345000029E+000 1.107299995E+001
 1.350000024E+000 1.109000015E+001
 1.355000019E+000 1.110699940E+001
 1.360000014E+000 1.112300014E+001
 1.365000010E+000 1.114000034E+001
 1.370000005E+000 1.115600014E+001
 1.375000000E+000 1.117199993E+001
 1.379999995E+000 1.118799973E+001
 1.384999990E+000 1.120300007E+001
 1.389999986E+000 1.121800041E+001
 1.394999981E+000 1.123299980E+001
 1.399999976E+000 1.124800014E+001
 1.404999971E+000 1.126299953E+001
 1.409999967E+000 1.127700043E+001
 1.414999962E+000 1.129099941E+001
 1.419999957E+000 1.130500031E+001
 1.424999952E+000 1.131900024E+001
 1.429999948E+000 1.133300018E+001
 1.434999943E+000 1.134599972E+001
 1.440000057E+000 1.135900021E+001
 1.445000052E+000 1.137199974E+001
 1.450000048E+000 1.138499928E+001
 1.455000043E+000 1.139700031E+001
 1.460000038E+000 1.140900040E+001
 1.465000033E+000 1.142099953E+001
 1.470000029E+000 1.143300056E+001
 1.475000024E+000 1.144499969E+001
 1.480000019E+000 1.145699978E+001
 1.485000014E+000 1.146799946E+001
 1.490000010E+000 1.147900009E+001
 1.495000005E+000 1.149000072E+001
 1.500000000E+000 1.150100040E+001
 1.504999995E+000 1.151100063E+001
 1.509999990E+000 1.152099991E+001
 1.514999986E+000 1.153199959E+001
 1.519999981E+000 1.154199982E+001
 1.524999976E+000 1.155100060E+001
 1.529999971E+000 1.156100082E+001
 1.534999967E+000 1.156999969E+001
 1.539999962E+000 1.157999992E+001
 1.544999957E+000 1.158899975E+001
 1.549999952E+000 1.159800053E+001
 1.554999948E+000 1.160599899E+001
 1.559999943E+000 1.161500072E+001
 1.565000057E+000 1.162300110E+001
 1.570000052E+000 1.163099957E+001
 1.575000048E+000 1.163899994E+001
 1.580000043E+000 1.164700031E+001
 1.585000038E+000 1.165500069E+001
 1.590000033E+000 1.166200066E+001
 1.595000029E+000 1.167000103E+001
 1.600000024E+000 1.167700005E+001
 1.605000019E+000 1.168400002E+001
 1.610000014E+000 1.169099998E+001
 1.615000010E+000 1.169799995E+001
 1.620000005E+000 1.170400047E+001
 1.625000000E+000 1.171100044E+001
 1.629999995E+000 1.171700096E+001
 1.634999990E+000 1.172299957E+001
 1.639999986E+000 1.172900009E+001
 1.644999981E+000 1.173499966E+001
 1.649999976E+000 1.173999977E+001
 1.654999971E+000 1.174600029E+001
 1.659999967E+000 1.175100040E+001
 1.664999962E+000 1.175699997E+001
 1.669999957E+000 1.176199913E+001
 1.674999952E+000 1.176600075E+001
 1.679999948E+000 1.177100086E+001
 1.684999943E+000 1.177600002E+001
 1.690000057E+000 1.177999973E+001
 1.695000052E+000 1.178499985E+001
 1.700000048E+000 1.178899956E+001
 1.705000043E+000 1.179300022E+001
 1.710000038E+000 1.179699993E+001
 1.715000033E+000 1.180100060E+001
 1.720000029E+000 1.180500031E+001
 1.725000024E+000 1.180800056E+001
 1.730000019E+000 1.181200027E+001
 1.735000014E+000 1.181500053E+001
 1.740000010E+000 1.181800079E+001
 1.745000005E+000 1.182099915E+001
 1.750000000E+000 1.182399940E+001
 1.754999995E+000 1.182699966E+001
 1.759999990E+000 1.182899952E+001
 1.764999986E+000 1.183199978E+001
 1.769999981E+000 1.183500004E+001
 1.774999976E+000 1.183699989E+001
 1.779999971E+000 1.183899975E+001
 1.784999967E+000 1.184099960E+001
 1.789999962E+000 1.184300041E+001
 1.794999957E+000 1.184500027E+001
 1.799999952E+000 1.184700012E+001
 1.804999948E+000 1.184800053E+001
 1.809999943E+000 1.185000038E+001
 1.815000057E+000 1.185099983E+001
 1.820000052E+000 1.185300064E+001
 1.825000048E+000 1.185400009E+001
 1.830000043E+000 1.185500050E+001
 1.835000038E+000 1.185599995E+001
 1.840000033E+000 1.185700035E+001
 1.845000029E+000 1.185700035E+001
 1.850000024E+000 1.185800076E+001
 1.855000019E+000 1.185900021E+001
 1.860000014E+000 1.185900021E+001
 1.865000010E+000 1.185900021E+001
 1.870000005E+000 1.186000061E+001
 1.875000000E+000 1.186000061E+001
 1.879999995E+000 1.186000061E+001
 1.884999990E+000 1.186000061E+001
 1.889999986E+000 1.186000061E+001
 1.894999981E+000 1.185900021E+001
 1.899999976E+000 1.185900021E+001
 1.904999971E+000 1.185900021E+001
 1.909999967E+000 1.185800076E+001
 1.914999962E+000 1.185800076E+001
 1.919999957E+000 1.185700035E+001
 1.924999952E+000 1.185599995E+001
 1.929999948E+000 1.185500050E+001
 1.934999943E+000 1.185400009E+001
 1.940000057E+000 1.185300064E+001
 1.945000052E+000 1.185200024E+001
 1.950000048E+000 1.185099983E+001
 1.955000043E+000 1.185000038E+001
 1.960000038E+000 1.184800053E+001
 1.965000033E+000 1.184700012E+001
 1.970000029E+000 1.184500027E+001
 1.975000024E+000 1.184399986E+001
 1.980000019E+000 1.184200001E+001
 1.985000014E+000 1.184000015E+001
 1.990000010E+000 1.183800030E+001
 1.995000005E+000 1.183599949E+001
 2.000000000E+000 1.183399963E+001
 2.005000114E+000 1.183199978E+001
 2.009999990E+000 1.182999992E+001
 2.015000105E+000 1.182800007E+001
 2.019999981E+000 1.182499981E+001
 2.025000095E+000 1.182299995E+001
 2.029999971E+000 1.181999969E+001
 2.035000086E+000 1.181800079E+001
 2.039999962E+000 1.181500053E+001
 2.045000076E+000 1.181300068E+001
 2.049999952E+000 1.181000042E+001
 2.055000067E+000 1.180700016E+001
 2.059999943E+000 1.180399990E+001
 2.065000057E+000 1.180100060E+001
 2.069999933E+000 1.179800034E+001
 2.075000048E+000 1.179500008E+001
 2.079999924E+000 1.179199982E+001
 2.085000038E+000 1.178899956E+001
 2.089999914E+000 1.178600025E+001
 2.095000029E+000 1.178199959E+001
 2.099999905E+000 1.177899933E+001
 2.105000019E+000 1.177499962E+001
 2.109999895E+000 1.177199936E+001
 2.115000010E+000 1.176799965E+001
 2.119999886E+000 1.176499939E+001
 2.125000000E+000 1.176100063E+001
 2.130000114E+000 1.175699997E+001
 2.134999990E+000 1.175300026E+001
 2.140000105E+000 1.174900055E+001
 2.144999981E+000 1.174600029E+001
 2.150000095E+000 1.174199963E+001
 2.154999971E+000 1.173799992E+001
 2.160000086E+000 1.173299980E+001
 2.164999962E+000 1.172900009E+001
 2.170000076E+000 1.172499943E+001
 2.174999952E+000 1.172099972E+001
 2.180000067E+000 1.171600056E+001
 2.184999943E+000 1.171200085E+001
 2.190000057E+000 1.170800018E+001
 2.194999933E+000 1.170300007E+001
 2.200000048E+000 1.169900036E+001
 2.204999924E+000 1.169400024E+001
 2.210000038E+000 1.168999958E+001
 2.214999914E+000 1.168499947E+001
 2.220000029E+000 1.167999935E+001
 2.224999905E+000 1.167500019E+001
 2.230000019E+000 1.167099953E+001
 2.234999895E+000 1.166599941E+001
 2.240000010E+000 1.166099930E+001
 2.244999886E+000 1.165600014E+001
 2.250000000E+000 1.165100002E+001
 2.255000114E+000 1.164599991E+001
 2.259999990E+000 1.164099979E+001
 2.265000105E+000 1.163599968E+001
 2.269999981E+000 1.163099957E+001
 2.275000095E+000 1.162599945E+001
 2.279999971E+000 1.161999989E+001
 2.285000086E+000 1.161500072E+001
 2.289999962E+000 1.161000061E+001
 2.295000076E+000 1.160400009E+001
 2.299999952E+000 1.159899998E+001
 2.305000067E+000 1.159399986E+001
 2.309999943E+000 1.158800030E+001
 2.315000057E+000 1.158300018E+001
 2.319999933E+000 1.157699966E+001
 2.325000048E+000 1.157100105E+001
 2.329999924E+000 1.156600094E+001
 2.335000038E+000 1.156000042E+001
 2.339999914E+000 1.155399895E+001
 2.345000029E+000 1.154899979E+001
 2.349999905E+000 1.154300022E+001
 2.355000019E+000 1.153699970E+001
 2.359999895E+000 1.153100014E+001
 2.365000010E+000 1.152499962E+001
 2.369999886E+000 1.151999950E+001
 2.375000000E+000 1.151399994E+001
 2.380000114E+000 1.150800037E+001
 2.384999990E+000 1.150199986E+001
 2.390000105E+000 1.149600029E+001
 2.394999981E+000 1.149000072E+001
 2.400000095E+000 1.148399925E+001
 2.404999971E+000 1.147700024E+001
 2.410000086E+000 1.147099972E+001
 2.414999962E+000 1.146500015E+001
 2.420000076E+000 1.145900059E+001
 2.424999952E+000 1.145300007E+001
 2.430000067E+000 1.144600010E+001
 2.434999943E+000 1.143999958E+001
 2.440000057E+000 1.143400002E+001
 2.444999933E+000 1.142800045E+001
 2.450000048E+000 1.142099953E+001
 2.454999924E+000 1.141499996E+001
 2.460000038E+000 1.140799999E+001
 2.464999914E+000 1.140200043E+001
 2.470000029E+000 1.139499950E+001
 2.474999905E+000 1.138899994E+001
 2.480000019E+000 1.138199997E+001
 2.484999895E+000 1.137600040E+001
 2.490000010E+000 1.136899948E+001
 2.494999886E+000 1.136299992E+001
 2.500000000E+000 1.135599995E+001
 2.505000114E+000 1.134899998E+001
 2.509999990E+000 1.134299946E+001
 2.515000105E+000 1.133599949E+001
 2.519999981E+000 1.132900047E+001
 2.525000095E+000 1.132299995E+001
 2.529999971E+000 1.131599998E+001
 2.535000086E+000 1.130900002E+001
 2.539999962E+000 1.130200005E+001
 2.545000076E+000 1.129599953E+001
 2.549999952E+000 1.128899956E+001
 2.555000067E+000 1.128200054E+001
 2.559999943E+000 1.127499962E+001
 2.565000057E+000 1.126799965E+001
 2.569999933E+000 1.126100063E+001
 2.575000048E+000 1.125399971E+001
 2.579999924E+000 1.124699974E+001
 2.585000038E+000 1.123999977E+001
 2.589999914E+000 1.123299980E+001
 2.595000029E+000 1.122599983E+001
 2.599999905E+000 1.121899986E+001
 2.605000019E+000 1.121199989E+001
 2.609999895E+000 1.120499992E+001
 2.615000010E+000 1.119799995E+001
 2.619999886E+000 1.119099998E+001
 2.625000000E+000 1.118400002E+001
 2.630000114E+000 1.117700005E+001
 2.634999990E+000 1.117000008E+001
 2.640000105E+000 1.116300011E+001
 2.644999981E+000 1.115600014E+001
 2.650000095E+000 1.114799976E+001
 2.654999971E+000 1.114099979E+001
 2.660000086E+000 1.113399982E+001
 2.664999962E+000 1.112699986E+001
 2.670000076E+000 1.111999989E+001
 2.674999952E+000 1.111199951E+001
 2.680000067E+000 1.110500050E+001
 2.684999943E+000 1.109800053E+001
 2.690000057E+000 1.109000015E+001
 2.694999933E+000 1.108300018E+001
 2.700000048E+000 1.107600021E+001
 2.704999924E+000 1.106900024E+001
 2.710000038E+000 1.106099987E+001
 2.714999914E+000 1.105399990E+001
 2.720000029E+000 1.104699993E+001
 2.724999905E+000 1.103899956E+001
 2.730000019E+000 1.103200054E+001
 2.734999895E+000 1.102400017E+001
 2.740000010E+000 1.101700020E+001
 2.744999886E+000 1.101000023E+001
 2.750000000E+000 1.100199986E+001
 2.755000114E+000 1.099499989E+001
 2.759999990E+000 1.098699951E+001
 2.765000105E+000 1.098000050E+001
 2.769999981E+000 1.097200012E+001
 2.775000095E+000 1.096500015E+001
 2.779999971E+000 1.095800018E+001
 2.785000086E+000 1.094999981E+001
 2.789999962E+000 1.094299984E+001
 2.795000076E+000 1.093499947E+001
 2.799999952E+000 1.092800045E+001
 2.805000067E+000 1.092000008E+001
 2.809999943E+000 1.091300011E+001
 2.815000057E+000 1.090500069E+001
 2.819999933E+000 1.089799976E+001
 2.825000048E+000 1.089000034E+001
 2.829999924E+000 1.088199997E+001
 2.835000038E+000 1.087500000E+001
 2.839999914E+000 1.086699963E+001
 2.845000029E+000 1.085999966E+001
 2.849999905E+000 1.085199928E+001
 2.855000019E+000 1.084500027E+001
 2.859999895E+000 1.083699989E+001
 2.865000010E+000 1.082900047E+001
 2.869999886E+000 1.082200050E+001
 2.875000000E+000 1.081400013E+001
 2.880000114E+000 1.080700016E+001
 2.884999990E+000 1.079899979E+001
 2.890000105E+000 1.079100037E+001
 2.894999981E+000 1.078399944E+001
 2.900000095E+000 1.077600002E+001
 2.904999971E+000 1.076900005E+001
 2.910000086E+000 1.076099968E+001
 2.914999962E+000 1.075299931E+001
 2.920000076E+000 1.074600029E+001
 2.924999952E+000 1.073799992E+001
 2.930000067E+000 1.072999954E+001
 2.934999943E+000 1.072300053E+001
 2.940000057E+000 1.071500015E+001
 2.944999933E+000 1.070699978E+001
 2.950000048E+000 1.069999981E+001
 2.954999924E+000 1.069200039E+001
 2.960000038E+000 1.068400002E+001
 2.964999914E+000 1.067700005E+001
 2.970000029E+000 1.066899967E+001
 2.974999905E+000 1.066100025E+001
 2.980000019E+000 1.065399933E+001
 2.984999895E+000 1.064599991E+001
 2.990000010E+000 1.063799953E+001
 2.994999886E+000 1.063099957E+001
 3.000000000E+000 1.062300014E+001
 3.005000114E+000 1.061499977E+001
 3.009999990E+000 1.060799980E+001
 3.015000105E+000 1.059999943E+001
 3.019999981E+000 1.059200001E+001
 3.025000095E+000 1.058399963E+001
 3.029999971E+000 1.057700062E+001
 3.035000086E+000 1.056900024E+001
 3.039999962E+000 1.056099987E+001
 3.045000076E+000 1.055399990E+001
 3.049999952E+000 1.054600048E+001
 3.055000067E+000 1.053800011E+001
 3.059999943E+000 1.053100014E+001
 3.065000057E+000 1.052299976E+001
 3.069999933E+000 1.051500034E+001
 3.075000048E+000 1.050699997E+001
 3.079999924E+000 1.050000000E+001
 3.085000038E+000 1.049199963E+001
 3.089999914E+000 1.048400021E+001
 3.095000029E+000 1.047700024E+001
 3.099999905E+000 1.046899986E+001
 3.105000019E+000 1.046100044E+001
 3.109999895E+000 1.045399952E+001
 3.115000010E+000 1.044600010E+001
 3.119999886E+000 1.043799973E+001
 3.125000000E+000 1.043000031E+001
 3.130000114E+000 1.042299938E+001
 3.134999990E+000 1.041499996E+001
 3.140000105E+000 1.040699959E+001
 3.144999981E+000 1.040000057E+001
 3.150000095E+000 1.039200020E+001
 3.154999971E+000 1.038399982E+001
 3.160000086E+000 1.037699986E+001
 3.164999962E+000 1.036900043E+001
 3.170000076E+000 1.036100006E+001
 3.174999952E+000 1.035299969E+001
 3.180000067E+000 1.034599972E+001
 3.184999943E+000 1.033800030E+001
 3.190000057E+000 1.032999992E+001
 3.194999933E+000 1.032299995E+001
 3.200000048E+000 1.031500053E+001
 3.204999924E+000 1.030700016E+001
 3.210000038E+000 1.030000019E+001
 3.214999914E+000 1.029199982E+001
 3.220000029E+000 1.028400040E+001
 3.224999905E+000 1.027699947E+001
 3.230000019E+000 1.026900005E+001
 3.234999895E+000 1.026099968E+001
 3.240000010E+000 1.025399971E+001
 3.244999886E+000 1.024599934E+001
 3.250000000E+000 1.023799992E+001
 3.255000114E+000 1.023099995E+001
 3.259999990E+000 1.022299957E+001
 3.265000105E+000 1.021600056E+001
 3.269999981E+000 1.020800018E+001
 3.275000095E+000 1.020000076E+001
 3.279999971E+000 1.019299984E+001
 3.285000086E+000 1.018500042E+001
 3.289999962E+000 1.017700005E+001
 3.295000076E+000 1.017000008E+001
 3.299999952E+000 1.016199970E+001
 3.305000067E+000 1.015499973E+001
 3.309999943E+000 1.014699936E+001
 3.315000057E+000 1.013899994E+001
 3.319999933E+000 1.013199997E+001
 3.325000048E+000 1.012399960E+001
 3.329999924E+000 1.011700058E+001
 3.335000038E+000 1.010900021E+001
 3.339999914E+000 1.010099983E+001
 3.345000029E+000 1.009399986E+001
 3.349999905E+000 1.008600044E+001
 3.355000019E+000 1.007899952E+001
 3.359999895E+000 1.007100010E+001
 3.365000010E+000 1.006400013E+001
 3.369999886E+000 1.005599976E+001
 3.375000000E+000 1.004799938E+001
 3.380000114E+000 1.004100037E+001
 3.384999990E+000 1.003299999E+001
 3.390000105E+000 1.002600002E+001
 3.394999981E+000 1.001800060E+001
 3.400000095E+000 1.001099968E+001
 3.404999971E+000 1.000300026E+001
 3.410000086E+000 9.995599747E+000
 3.414999962E+000 9.988100052E+000
 3.420000076E+000 9.980600357E+000
 3.424999952E+000 9.973100662E+000
 3.430000067E+000 9.965600014E+000
 3.434999943E+000 9.958100319E+000
 3.440000057E+000 9.950600624E+000
 3.444999933E+000 9.943099976E+000
 3.450000048E+000 9.935600281E+000
 3.454999924E+000 9.928199768E+000
 3.460000038E+000 9.920700073E+000
 3.464999914E+000 9.913200378E+000
 3.470000029E+000 9.905799866E+000
 3.474999905E+000 9.898300171E+000
 3.480000019E+000 9.890899658E+000
 3.484999895E+000 9.883399963E+000
 3.490000010E+000 9.875999451E+000
 3.494999886E+000 9.868500710E+000
 3.500000000E+000 9.861100197E+000
 3.505000114E+000 9.853700638E+000
 3.509999990E+000 9.846300125E+000
 3.515000105E+000 9.838899612E+000
 3.519999981E+000 9.831500053E+000
 3.525000095E+000 9.824099541E+000
 3.529999971E+000 9.816699982E+000
 3.535000086E+000 9.809299469E+000
 3.539999962E+000 9.801899910E+000
 3.545000076E+000 9.794499397E+000
 3.549999952E+000 9.787099838E+000
 3.555000067E+000 9.779800415E+000
 3.559999943E+000 9.772399902E+000
 3.565000057E+000 9.765100479E+000
 3.569999933E+000 9.757699966E+000
 3.575000048E+000 9.750399590E+000
 3.579999924E+000 9.743000031E+000
 3.585000038E+000 9.735699654E+000
 3.589999914E+000 9.728400230E+000
 3.595000029E+000 9.721099854E+000
 3.599999905E+000 9.713799477E+000
 3.605000019E+000 9.706500053E+000
 3.609999895E+000 9.699200630E+000
 3.615000010E+000 9.691900253E+000
 3.619999886E+000 9.684599876E+000
 3.625000000E+000 9.677300453E+000
 3.630000114E+000 9.670100212E+000
 3.634999990E+000 9.662799835E+000
 3.640000105E+000 9.655500412E+000
 3.644999981E+000 9.648300171E+000
 3.650000095E+000 9.640999794E+000
 3.654999971E+000 9.633799553E+000
 3.660000086E+000 9.626600266E+000
 3.664999962E+000 9.619299889E+000
 3.670000076E+000 9.612099648E+000
 3.674999952E+000 9.604900360E+000
 3.680000067E+000 9.597700119E+000
 3.684999943E+000 9.590499878E+000
 3.690000057E+000 9.583299637E+000
 3.694999933E+000 9.576100349E+000
 3.700000048E+000 9.568900108E+000
 3.704999924E+000 9.561800003E+000
 3.710000038E+000 9.554599762E+000
 3.714999914E+000 9.547400475E+000
 3.720000029E+000 9.540300369E+000
 3.724999905E+000 9.533200264E+000
 3.730000019E+000 9.526000023E+000
 3.734999895E+000 9.518899918E+000
 3.740000010E+000 9.511799812E+000
 3.744999886E+000 9.504599571E+000
 3.750000000E+000 9.497499466E+000
 3.755000114E+000 9.490400314E+000
 3.759999990E+000 9.483300209E+000
 3.765000105E+000 9.476200104E+000
 3.769999981E+000 9.469200134E+000
 3.775000095E+000 9.462100029E+000
 3.779999971E+000 9.454999924E+000
 3.785000086E+000 9.447999954E+000
 3.789999962E+000 9.440899849E+000
 3.795000076E+000 9.433899879E+000
 3.799999952E+000 9.426799774E+000
 3.805000067E+000 9.419799805E+000
 3.809999943E+000 9.412799835E+000
 3.815000057E+000 9.405699730E+000
 3.819999933E+000 9.398700714E+000
 3.825000048E+000 9.391699791E+000
 3.829999924E+000 9.384699821E+000
 3.835000038E+000 9.377699852E+000
 3.839999914E+000 9.370800018E+000
 3.845000029E+000 9.363800049E+000
 3.849999905E+000 9.356800079E+000
 3.855000019E+000 9.349900246E+000
 3.859999895E+000 9.342900276E+000
 3.865000010E+000 9.335999489E+000
 3.869999886E+000 9.329000473E+000
 3.875000000E+000 9.322099686E+000
 3.880000114E+000 9.315199852E+000
 3.884999990E+000 9.308199883E+000
 3.890000105E+000 9.301300049E+000
 3.894999981E+000 9.294400215E+000
 3.900000095E+000 9.287499428E+000
 3.904999971E+000 9.280599594E+000
 3.910000086E+000 9.273799896E+000
 3.914999962E+000 9.266900063E+000
 3.920000076E+000 9.260000229E+000
 3.924999952E+000 9.253199577E+000
 3.930000067E+000 9.246299744E+000
 3.934999943E+000 9.239500046E+000
 3.940000057E+000 9.232600212E+000
 3.944999933E+000 9.225799561E+000
 3.950000048E+000 9.218999863E+000
 3.954999924E+000 9.212200165E+000
 3.960000038E+000 9.205399513E+000
 3.964999914E+000 9.198599815E+000
 3.970000029E+000 9.191800117E+000
 3.974999905E+000 9.184999466E+000
 3.980000019E+000 9.178199768E+000
 3.984999895E+000 9.171500206E+000
 3.990000010E+000 9.164700508E+000
 3.994999886E+000 9.157899857E+000
 4.000000000E+000 9.151200294E+000
 4.005000114E+000 9.144499779E+000
 4.010000229E+000 9.137700081E+000
 4.014999866E+000 9.131000519E+000
 4.019999981E+000 9.124300003E+000
 4.025000095E+000 9.117599487E+000
 4.030000210E+000 9.110899925E+000
 4.034999847E+000 9.104200363E+000
 4.039999962E+000 9.097499847E+000
 4.045000076E+000 9.090800285E+000
 4.050000191E+000 9.084099770E+000
 4.054999828E+000 9.077500343E+000
 4.059999943E+000 9.070799828E+000
 4.065000057E+000 9.064200401E+000
 4.070000172E+000 9.057499886E+000
 4.074999809E+000 9.050900459E+000
 4.079999924E+000 9.044300079E+000
 4.085000038E+000 9.037699699E+000
 4.090000153E+000 9.031100273E+000
 4.094999790E+000 9.024399757E+000
 4.099999905E+000 9.017900467E+000
 4.105000019E+000 9.011300087E+000
 4.110000134E+000 9.004699707E+000
 4.114999771E+000 8.998100281E+000
 4.119999886E+000 8.991499901E+000
 4.125000000E+000 8.984999657E+000
 4.130000114E+000 8.978400230E+000
 4.135000229E+000 8.971899986E+000
 4.139999866E+000 8.965399742E+000
 4.144999981E+000 8.958800316E+000
 4.150000095E+000 8.952300072E+000
 4.155000210E+000 8.945799828E+000
 4.159999847E+000 8.939300537E+000
 4.164999962E+000 8.932800293E+000
 4.170000076E+000 8.926300049E+000
 4.175000191E+000 8.919799805E+000
 4.179999828E+000 8.913300514E+000
 4.184999943E+000 8.906899452E+000
 4.190000057E+000 8.900400162E+000
 4.195000172E+000 8.894000053E+000
 4.199999809E+000 8.887499809E+000
 4.204999924E+000 8.881099701E+000
 4.210000038E+000 8.874699593E+000
 4.215000153E+000 8.868199348E+000
 4.219999790E+000 8.861800194E+000
 4.224999905E+000 8.855400085E+000
 4.230000019E+000 8.848999977E+000
 4.235000134E+000 8.842599869E+000
 4.239999771E+000 8.836199760E+000
 4.244999886E+000 8.829899788E+000
 4.250000000E+000 8.823499680E+000
 4.255000114E+000 8.817099571E+000
 4.260000229E+000 8.810799599E+000
 4.264999866E+000 8.804399490E+000
 4.269999981E+000 8.798100471E+000
 4.275000095E+000 8.791800499E+000
 4.280000210E+000 8.785400391E+000
 4.284999847E+000 8.779100418E+000
 4.289999962E+000 8.772799492E+000
 4.295000076E+000 8.766499519E+000
 4.300000191E+000 8.760200500E+000
 4.304999828E+000 8.753899574E+000
 4.309999943E+000 8.747699738E+000
 4.315000057E+000 8.741399765E+000
 4.320000172E+000 8.735099792E+000
 4.324999809E+000 8.728899956E+000
 4.329999924E+000 8.722599983E+000
 4.335000038E+000 8.716400146E+000
 4.340000153E+000 8.710100174E+000
 4.344999790E+000 8.703899384E+000
 4.349999905E+000 8.697699547E+000
 4.355000019E+000 8.691499710E+000
 4.360000134E+000 8.685299873E+000
 4.364999771E+000 8.679100037E+000
 4.369999886E+000 8.672900200E+000
 4.375000000E+000 8.666699409E+000
 4.380000114E+000 8.660499573E+000
 4.385000229E+000 8.654399872E+000
 4.389999866E+000 8.648200035E+000
 4.394999981E+000 8.642100334E+000
 4.400000095E+000 8.635899544E+000
 4.405000210E+000 8.629799843E+000
 4.409999847E+000 8.623700142E+000
 4.414999962E+000 8.617500305E+000
 4.420000076E+000 8.611399651E+000
 4.425000191E+000 8.605299950E+000
 4.429999828E+000 8.599200249E+000
 4.434999943E+000 8.593099594E+000
 4.440000057E+000 8.586999893E+000
 4.445000172E+000 8.580999374E+000
 4.449999809E+000 8.574899673E+000
 4.454999924E+000 8.568799973E+000
 4.460000038E+000 8.562800407E+000
 4.465000153E+000 8.556699753E+000
 4.469999790E+000 8.550700188E+000
 4.474999905E+000 8.544699669E+000
 4.480000019E+000 8.538599968E+000
 4.485000134E+000 8.532599449E+000
 4.489999771E+000 8.526599884E+000
 4.494999886E+000 8.520600319E+000
 4.500000000E+000 8.514599800E+000
 4.505000114E+000 8.508600235E+000
 4.510000229E+000 8.502599716E+000
 4.514999866E+000 8.496700287E+000
 4.519999981E+000 8.490699768E+000
 4.525000095E+000 8.484700203E+000
 4.530000210E+000 8.478799820E+000
 4.534999847E+000 8.472800255E+000
 4.539999962E+000 8.466899872E+000
 4.545000076E+000 8.460999489E+000
 4.550000191E+000 8.454999924E+000
 4.554999828E+000 8.449100494E+000
 4.559999943E+000 8.443200111E+000
 4.565000057E+000 8.437299728E+000
 4.570000172E+000 8.431400299E+000
 4.574999809E+000 8.425499916E+000
 4.579999924E+000 8.419600487E+000
 4.585000038E+000 8.413799286E+000
 4.590000153E+000 8.407899857E+000
 4.594999790E+000 8.401999474E+000
 4.599999905E+000 8.396200180E+000
 4.605000019E+000 8.390299797E+000
 4.610000134E+000 8.384499550E+000
 4.614999771E+000 8.378700256E+000
 4.619999886E+000 8.372900009E+000
 4.625000000E+000 8.366999626E+000
 4.630000114E+000 8.361199379E+000
 4.635000229E+000 8.355400085E+000
 4.639999866E+000 8.349599838E+000
 4.644999981E+000 8.343799591E+000
 4.650000095E+000 8.338099480E+000
 4.655000210E+000 8.332300186E+000
 4.659999847E+000 8.326499939E+000
 4.664999962E+000 8.320799828E+000
 4.670000076E+000 8.315000534E+000
 4.675000191E+000 8.309300423E+000
 4.679999828E+000 8.303500175E+000
 4.684999943E+000 8.297800064E+000
 4.690000057E+000 8.292099953E+000
 4.695000172E+000 8.286399841E+000
 4.699999809E+000 8.280699730E+000
 4.704999924E+000 8.274899483E+000
 4.710000038E+000 8.269299507E+000
 4.715000153E+000 8.263600349E+000
 4.719999790E+000 8.257900238E+000
 4.724999905E+000 8.252200127E+000
 4.730000019E+000 8.246500015E+000
 4.735000134E+000 8.240900040E+000
 4.739999771E+000 8.235199928E+000
 4.744999886E+000 8.229599953E+000
 4.750000000E+000 8.223899841E+000
 4.755000114E+000 8.218299866E+000
 4.760000229E+000 8.212699890E+000
 4.764999866E+000 8.207099915E+000
 4.769999981E+000 8.201399803E+000
 4.775000095E+000 8.195799828E+000
 4.780000210E+000 8.190299988E+000
 4.784999847E+000 8.184700012E+000
 4.789999962E+000 8.179100037E+000
 4.795000076E+000 8.173500061E+000
 4.800000191E+000 8.167900085E+000
 4.804999828E+000 8.162400246E+000
 4.809999943E+000 8.156800270E+000
 4.815000057E+000 8.151300430E+000
 4.820000172E+000 8.145700455E+000
 4.824999809E+000 8.140199661E+000
 4.829999924E+000 8.134699821E+000
 4.835000038E+000 8.129099846E+000
 4.840000153E+000 8.123600006E+000
 4.844999790E+000 8.118100166E+000
 4.849999905E+000 8.112600327E+000
 4.855000019E+000 8.107099533E+000
 4.860000134E+000 8.101600647E+000
 4.864999771E+000 8.096099854E+000
 4.869999886E+000 8.090700150E+000
 4.875000000E+000 8.085200310E+000
 4.880000114E+000 8.079700470E+000
 4.885000229E+000 8.074299812E+000
 4.889999866E+000 8.068799973E+000
 4.894999981E+000 8.063399315E+000
 4.900000095E+000 8.057900429E+000
 4.905000210E+000 8.052499771E+000
 4.909999847E+000 8.047100067E+000
 4.914999962E+000 8.041700363E+000
 4.920000076E+000 8.036300659E+000
 4.925000191E+000 8.030900002E+000
 4.929999828E+000 8.025500298E+000
 4.934999943E+000 8.020100594E+000
 4.940000057E+000 8.014699936E+000
 4.945000172E+000 8.009299278E+000
 4.949999809E+000 8.003899574E+000
 4.954999924E+000 7.998600006E+000
 4.960000038E+000 7.993200302E+000
 4.965000153E+000 7.987899780E+000
 4.969999790E+000 7.982499599E+000
 4.974999905E+000 7.977200031E+000
 4.980000019E+000 7.971899986E+000
 4.985000134E+000 7.966599941E+000
 4.989999771E+000 7.961200237E+000
 4.994999886E+000 7.955899715E+000
 5.000000000E+000 7.950600147E+000
 5.005000114E+000 7.945299625E+000
 5.010000229E+000 7.940000057E+000
 5.014999866E+000 7.934700012E+000
 5.019999981E+000 7.929500103E+000
 5.025000095E+000 7.924200058E+000